-0.52592    -0.177166    0.401636    0.483411    0.707888    -0.022999    -0.267555
-0.526599    -0.17157    0.403678    0.483229    0.707308    -0.0251699    -0.270011
-0.527269    -0.165668    0.405832    0.483089    0.707039    -0.0271698    -0.271179
-0.528011    -0.159507    0.408063    0.483131    0.707408    -0.027862    -0.269728
-0.517064    -0.182108    0.396788    0.483574    0.708658    -0.0212466    -0.264314
-0.517637    -0.176282    0.398755    0.483509    0.708946    -0.0243459    -0.263309
-0.51815    -0.170279    0.400751    0.483411    0.708378    -0.0250943    -0.265677
-0.518614    -0.164127    0.402817    0.483305    0.707782    -0.0254266    -0.268112
-0.519054    -0.157829    0.404982    0.48329    0.70736    -0.0238242    -0.269733
-0.519482    -0.151386    0.407234    0.48341    0.707767    -0.0224341    -0.268013
-0.51992    -0.144805    0.409453    0.483502    0.708598    -0.0233778    -0.264684
-0.52036    -0.138101    0.41163    0.483518    0.708923    -0.0240245    -0.263388
-0.520764    -0.13132    0.413797    0.483522    0.709012    -0.0241683    -0.26303
NEXT
-0.514072    -0.102818    0.42014    0.483552    0.709005    -0.0232932    -0.263009
-0.513932    -0.109786    0.417958    0.483559    0.70852    -0.0211127    -0.264869
-0.513801    -0.116684    0.415713    0.483549    0.708155    -0.0194715    -0.26625
-0.513649    -0.123523    0.413505    0.483589    0.708803    -0.0213512    -0.263727
-0.513459    -0.130309    0.411397    0.483596    0.709281    -0.0227688    -0.26184
-0.51325    -0.13705    0.409318    0.483612    0.709296    -0.0223393    -0.261753
-0.51303    -0.143744    0.407234    0.483632    0.70903    -0.0206474    -0.262745
-0.512825    -0.150336    0.405073    0.483564    0.708069    -0.0179599    -0.266493
-0.512632    -0.156817    0.402844    0.483511    0.707831    -0.0188342    -0.267522
-0.512377    -0.16321    0.400713    0.483559    0.708644    -0.0217601    -0.264403
-0.512052    -0.169529    0.398688    0.483595    0.709215    -0.0226379    -0.262105
-0.511671    -0.175797    0.396699    0.483602    0.709487    -0.0231206    -0.261007
-0.511262    -0.181997    0.394696    0.483596    0.708674    -0.0205156    -0.2642
NEXT
-0.505984    -0.188294    0.390657    0.48337    0.706984    -0.0180056    -0.270873
-0.506146    -0.181872    0.392825    0.483466    0.708154    -0.0226333    -0.266455
-0.506407    -0.17541    0.394859    0.483471    0.70903    -0.0256105    -0.263029
-0.506671    -0.168956    0.39686    0.48349    0.708893    -0.0247351    -0.263549
-0.506893    -0.162523    0.398875    0.483502    0.70846    -0.0228477    -0.265219
-0.507036    -0.15606    0.400995    0.483451    0.707546    -0.0193086    -0.268708
-0.507102    -0.149546    0.403213    0.483481    0.707667    -0.0189583    -0.268194
-0.507184    -0.142942    0.405346    0.483576    0.708788    -0.0217189    -0.263808
-0.507289    -0.136255    0.407386    0.483604    0.709278    -0.0225241    -0.261838
-0.507397    -0.129538    0.409419    0.483614    0.709356    -0.0224329    -0.26151
-0.507501    -0.12279    0.411482    0.483606    0.708917    -0.0211126    -0.26324
-0.507586    -0.115992    0.413641    0.483562    0.708271    -0.0196326    -0.265787
-0.507665    -0.109138    0.41584    0.483561    0.708565    -0.0213261    -0.264699
-0.507762    -0.102216    0.417987    0.483571    0.70907    -0.0229707    -0.262724
-0.507856    -0.0952854    0.420104    0.483588    0.709021    -0.0222353    -0.262884
-0.507929    -0.0884048    0.422217    0.483605    0.708968    -0.0213779    -0.263047
-0.507975    -0.0815927    0.424329    0.483621    0.70882    -0.0201271    -0.263575
-0.507991    -0.0748595    0.426444    0.483629    0.708646    -0.0188356    -0.264198
-0.507969    -0.0681882    0.428573    0.483586    0.708257    -0.0182505    -0.265747
-0.507907    -0.0615695    0.430703    0.483519    0.708082    -0.0203198    -0.266603
-0.507819    -0.0549826    0.432714    0.483479    0.708725    -0.0245188    -0.264226
NEXT
-0.500469    -0.0163398    0.441628    0.483593    0.708474    -0.0194479    -0.264946
-0.500795    -0.0222344    0.439927    0.483564    0.708966    -0.0228314    -0.263144
-0.501055    -0.0285215    0.438173    0.483467    0.708939    -0.0254421    -0.263394
-0.501276    -0.0349466    0.436316    0.483405    0.708096    -0.0241135    -0.266774
-0.501467    -0.041408    0.434352    0.483413    0.707966    -0.0232959    -0.267255
-0.50159    -0.0479299    0.432398    0.483416    0.708537    -0.0255101    -0.265048
-0.501644    -0.0545136    0.430473    0.483382    0.708527    -0.0262876    -0.265125
-0.501676    -0.061128    0.428483    0.483461    0.708351    -0.0236238    -0.26571
-0.501694    -0.067767    0.426424    0.483589    0.708593    -0.0203517    -0.264522
-0.501706    -0.0744269    0.424333    0.483627    0.708653    -0.0189581    -0.264178
-0.50171    -0.0811227    0.422224    0.483617    0.70872    -0.0197453    -0.26396
-0.501693    -0.0878913    0.420117    0.483603    0.708839    -0.020957    -0.263551
-0.501656    -0.0947255    0.41801    0.483582    0.708877    -0.0218934    -0.263453
-0.501602    -0.101612    0.415901    0.483564    0.708927    -0.02266    -0.263296
-0.501546    -0.108492    0.413775    0.483556    0.708579    -0.0215452    -0.264655
-0.501501    -0.115311    0.411617    0.483567    0.708416    -0.0202738    -0.265239
-0.501448    -0.122075    0.409498    0.4836    0.708948    -0.0214929    -0.263137
-0.501378    -0.128791    0.40746    0.483595    0.709241    -0.0226787    -0.262001
-0.501307    -0.135481    0.405432    0.483568    0.708985    -0.0227031    -0.263057
-0.501246    -0.14215    0.403381    0.483515    0.708399    -0.0221359    -0.265427
-0.501213    -0.148759    0.401245    0.48343    0.707444    -0.0195189    -0.269133
-0.501201    -0.155303    0.399032    0.483444    0.707489    -0.019198    -0.268931
-0.501126    -0.161819    0.396907    0.483495    0.70832    -0.0224683    -0.265768
-0.500989    -0.168336    0.394876    0.483445    0.708631    -0.0250643    -0.26464
-0.500838    -0.174937    0.392859    0.483399    0.708747    -0.026539    -0.264234
-0.500723    -0.181613    0.390812    0.483392    0.707955    -0.023897    -0.267334
-0.500754    -0.188322    0.388637    0.48335    0.707006    -0.0192195    -0.270873
NEXT
-0.495317    -0.188191    0.386607    0.483426    0.70733    -0.0186424    -0.269533
-0.495138    -0.181263    0.388787    0.483495    0.708276    -0.0221909    -0.26593
-0.495134    -0.174425    0.390849    0.483525    0.709009    -0.0241391    -0.263041
-0.49519    -0.167717    0.392887    0.483574    0.708835    -0.0220168    -0.263634
-0.495256    -0.161142    0.394948    0.483619    0.708632    -0.0192201    -0.264286
-0.495291    -0.154581    0.397076    0.483568    0.708032    -0.0174009    -0.266601
-0.495292    -0.148    0.399263    0.483497    0.707808    -0.0193171    -0.267649
-0.49532    -0.141375    0.401384    0.48347    0.70829    -0.0231231    -0.26593
-0.495377    -0.134713    0.403432    0.483431    0.708476    -0.0249351    -0.265266
-0.495438    -0.128043    0.405465    0.483448    0.708608    -0.0249471    -0.26473
-0.495494    -0.121357    0.407507    0.483501    0.70851    -0.0231096    -0.26503
-0.495528    -0.114626    0.409616    0.483525    0.708259    -0.0211031    -0.265935
-0.495552    -0.107841    0.411749    0.483542    0.708602    -0.0221321    -0.264596
-0.49559    -0.10099    0.413839    0.483479    0.708799    -0.0247415    -0.263936
-0.495624    -0.0941345    0.415914    0.483393    0.708312    -0.0252949    -0.265953
-0.495639    -0.0873332    0.418003    0.483358    0.707993    -0.0249394    -0.267234
-0.495635    -0.0805949    0.420103    0.483357    0.707773    -0.0240277    -0.268079
-0.495613    -0.0739226    0.422211    0.48338    0.707744    -0.0232685    -0.268155
-0.495595    -0.0672689    0.424292    0.48343    0.708166    -0.0237081    -0.266465
-0.495592    -0.0606158    0.426329    0.483484    0.708592    -0.0238865    -0.264737
-0.495589    -0.053978    0.428324    0.483512    0.708917    -0.0241975    -0.263423
-0.49558    -0.0473607    0.430287    0.483517    0.708821    -0.0237278    -0.26379
-0.495535    -0.0407735    0.432287    0.483488    0.708287    -0.0225298    -0.265908
-0.495457    -0.0342106    0.434312    0.483456    0.708236    -0.023258    -0.266155
-0.495363    -0.0276448    0.436284    0.483502    0.708731    -0.0238732    -0.264169
-0.495248    -0.0211977    0.438191    0.483564    0.708719    -0.0218466    -0.264101
-0.495088    -0.0151733    0.440018    0.483541    0.708207    -0.0200923    -0.266079
-0.494937    -0.00846958    0.442116    0.48355    0.708181    -0.0194956    -0.266146
NEXT
-0.489701    0.00176403    0.443535    0.483509    0.707661    -0.0172792    -0.268097
-0.489598    -0.00735623    0.440474    0.48345    0.707657    -0.0202888    -0.268325
-0.489604    -0.0141088    0.43831    0.483525    0.708329    -0.0214979    -0.265676
-0.48964    -0.0202291    0.436416    0.483556    0.708603    -0.0215872    -0.264559
-0.489657    -0.026792    0.434402    0.483513    0.708533    -0.0227446    -0.264914
-0.489667    -0.0334645    0.432347    0.483477    0.708325    -0.023007    -0.265781
-0.489672    -0.0401127    0.430288    0.483496    0.708461    -0.0230378    -0.265227
-0.489666    -0.0467607    0.428271    0.483521    0.708928    -0.0239468    -0.263362
-0.489651    -0.0534139    0.426293    0.483534    0.70889    -0.0234504    -0.26349
-0.489657    -0.0600635    0.424254    0.48346    0.708135    -0.0226508    -0.266534
-0.489685    -0.0667088    0.422154    0.483312    0.707489    -0.0238487    -0.269214
-0.489721    -0.073351    0.420041    0.483238    0.707238    -0.0245591    -0.270263
-0.489754    -0.080009    0.417929    0.483258    0.707485    -0.0253222    -0.269305
-0.489765    -0.0867276    0.415843    0.483291    0.707878    -0.0261658    -0.267757
-0.489751    -0.0935081    0.41379    0.483349    0.70849    -0.0269712    -0.265306
-0.489707    -0.100349    0.411785    0.483439    0.709281    -0.0269302    -0.262053
-0.489663    -0.10718    0.409755    0.483534    0.708707    -0.0228056    -0.264208
-0.489648    -0.113932    0.407625    0.483487    0.70795    -0.0207665    -0.26717
-0.489628    -0.120629    0.405494    0.48345    0.70812    -0.0229148    -0.26661
-0.489583    -0.127287    0.403422    0.483398    0.708262    -0.0250305    -0.266144
-0.489518    -0.133946    0.401387    0.483393    0.708504    -0.0259897    -0.265206
-0.489442    -0.140619    0.399373    0.483465    0.70865    -0.0246044    -0.264539
-0.489393    -0.147276    0.397305    0.483551    0.708374    -0.0206819    -0.265439
-0.489375    -0.153907    0.395172    0.483627    0.708487    -0.0176827    -0.264766
-0.489362    -0.160508    0.393048    0.483645    0.708616    -0.0176403    -0.264234
-0.489354    -0.167118    0.390948    0.483609    0.708725    -0.0201261    -0.263965
-0.48937    -0.173895    0.388881    0.483582    0.709066    -0.0226088    -0.26272
-0.489459    -0.180839    0.386802    0.483554    0.708428    -0.0208115    -0.265228
-0.489729    -0.187917    0.3846    0.483469    0.707473    -0.0178151    -0.268894
NEXT
-0.484048    -0.187532    0.382614    0.483482    0.707493    -0.0171802    -0.268768
-0.483731    -0.18036    0.384836    0.483569    0.70848    -0.0205174    -0.264995
-0.483598    -0.173348    0.386915    0.483556    0.708977    -0.0231148    -0.263114
-0.483535    -0.166526    0.388992    0.483537    0.708306    -0.0208528    -0.265729
-0.483497    -0.159887    0.391119    0.483552    0.708116    -0.0190377    -0.266377
-0.483488    -0.153251    0.39324    0.483569    0.7084    -0.0201346    -0.265298
-0.483508    -0.146575    0.395333    0.483533    0.708582    -0.0223954    -0.264693
-0.483558    -0.13989    0.397373    0.483519    0.708976    -0.0241954    -0.263177
-0.483631    -0.133206    0.399375    0.483541    0.708998    -0.0235897    -0.263053
-0.483688    -0.12655    0.401411    0.483546    0.708662    -0.0222358    -0.264357
-0.483725    -0.119906    0.403492    0.483526    0.708287    -0.0211866    -0.265824
-0.483738    -0.113232    0.405628    0.483494    0.707916    -0.0201824    -0.267268
-0.483749    -0.106509    0.407753    0.483535    0.708737    -0.0228924    -0.264088
-0.483797    -0.099707    0.409761    0.483529    0.709774    -0.0257137    -0.259955
-0.483849    -0.0928937    0.411738    0.483579    0.709341    -0.0235061    -0.261634
-0.483871    -0.086136    0.413773    0.48358    0.708846    -0.0218299    -0.263576
-0.483871    -0.0794307    0.415842    0.483539    0.708448    -0.0215291    -0.265189
-0.483855    -0.0727737    0.417935    0.483452    0.70794    -0.0219973    -0.267286
-0.48383    -0.0661294    0.420053    0.483377    0.707582    -0.0223874    -0.268758
-0.483804    -0.0594817    0.422187    0.483373    0.707706    -0.0232227    -0.268305
-0.48381    -0.0528163    0.42425    0.483377    0.708394    -0.0260091    -0.265653
-0.483851    -0.0461317    0.426239    0.483352    0.708463    -0.0267581    -0.265407
-0.48389    -0.0394406    0.428281    0.48338    0.708065    -0.0247037    -0.266929
-0.483924    -0.0327374    0.430386    0.483444    0.708105    -0.023065    -0.266677
-0.483962    -0.0259919    0.432509    0.4835    0.708307    -0.0221913    -0.265804
-0.484006    -0.0193485    0.434594    0.483533    0.708484    -0.0219066    -0.265066
-0.484051    -0.013167    0.436522    0.483515    0.708515    -0.0226593    -0.264984
-0.484138    -0.00639534    0.438701    0.483399    0.707531    -0.0214009    -0.268904
-0.484338    0.0026671    0.441789    0.483253    0.706771    -0.0211729    -0.271938
NEXT
-0.478822    0.00342911    0.43983    0.483262    0.707089    -0.0230597    -0.270781
-0.478571    -0.00557415    0.436823    0.483464    0.707986    -0.0218396    -0.26709
-0.478437    -0.0123431    0.43467    0.483554    0.708819    -0.0225945    -0.263733
-0.478353    -0.0185559    0.432731    0.483559    0.708572    -0.0213767    -0.264672
-0.478279    -0.0252491    0.430604    0.483529    0.708275    -0.0210002    -0.265861
-0.478221    -0.0320369    0.428427    0.483475    0.707976    -0.0213657    -0.2671
-0.478177    -0.0387657    0.426259    0.483415    0.707925    -0.0231167    -0.267412
-0.478121    -0.0454802    0.424178    0.483371    0.708457    -0.0263228    -0.265411
-0.47805    -0.0521897    0.422176    0.483352    0.708437    -0.0266961    -0.265512
-0.478008    -0.0588774    0.420118    0.483396    0.707955    -0.0237334    -0.267324
-0.477992    -0.0655446    0.418002    0.483497    0.708201    -0.021837    -0.266217
-0.477972    -0.0722062    0.41592    0.483589    0.708773    -0.0211672    -0.263836
-0.477945    -0.0788733    0.413867    0.483649    0.709128    -0.0202676    -0.262318
-0.477917    -0.08557    0.411815    0.483672    0.709292    -0.0199115    -0.261615
-0.477883    -0.0923003    0.409774    0.483659    0.709503    -0.0212239    -0.260825
-0.477833    -0.0990691    0.407767    0.483582    0.709522    -0.0238064    -0.260902
-0.477791    -0.105828    0.405734    0.483517    0.708564    -0.0228109    -0.264792
-0.477779    -0.112527    0.40362    0.483493    0.707999    -0.0207838    -0.26697
-0.477768    -0.119191    0.401507    0.483547    0.708467    -0.0212964    -0.265098
-0.477737    -0.125836    0.399446    0.483588    0.708881    -0.0217099    -0.263428
-0.477699    -0.132497    0.397411    0.483589    0.709044    -0.0222561    -0.26279
-0.477659    -0.139187    0.395389    0.483552    0.708931    -0.0230292    -0.2633
-0.477634    -0.145893    0.393344    0.483542    0.708687    -0.0224675    -0.264269
-0.477633    -0.152606    0.391268    0.48356    0.708447    -0.020758    -0.265147
-0.477669    -0.159272    0.389149    0.483532    0.707988    -0.0190047    -0.266895
-0.47774    -0.165935    0.387011    0.483545    0.708307    -0.0205614    -0.265704
-0.477825    -0.172785    0.384944    0.483568    0.709175    -0.0233485    -0.262311
-0.477969    -0.179831    0.382881    0.483578    0.70856    -0.0206581    -0.264677
-0.478292    -0.187047    0.380644    0.483463    0.707382    -0.016944    -0.269195
NEXT
-0.472479    -0.186486    0.378663    0.483419    0.70716    -0.0171422    -0.270104
-0.472168    -0.179259    0.380922    0.483567    0.708468    -0.0205346    -0.265044
-0.47202    -0.17221    0.382993    0.483618    0.709337    -0.0221972    -0.261573
-0.471923    -0.165352    0.385066    0.483621    0.708588    -0.0187689    -0.264433
-0.471834    -0.158672    0.387208    0.483598    0.708259    -0.0176115    -0.265694
-0.471782    -0.151978    0.389321    0.483619    0.708774    -0.0200129    -0.263756
-0.471771    -0.145231    0.391381    0.483594    0.708974    -0.0218391    -0.263053
-0.471777    -0.138501    0.39342    0.483571    0.708964    -0.0226033    -0.263139
-0.471795    -0.1318    0.395445    0.483556    0.708907    -0.0228461    -0.263386
-0.47182    -0.125131    0.397472    0.483539    0.708785    -0.0229661    -0.263895
-0.471844    -0.118482    0.399513    0.483511    0.708442    -0.0225063    -0.265275
-0.471856    -0.111825    0.401603    0.483463    0.708008    -0.0219449    -0.267006
-0.471868    -0.105146    0.40371    0.483475    0.70829    -0.0229161    -0.265919
-0.471901    -0.0984304    0.405777    0.483568    0.708945    -0.0226357    -0.263218
-0.471945    -0.0917054    0.407826    0.483644    0.709221    -0.0208785    -0.261973
-0.471991    -0.0849997    0.409874    0.483657    0.709254    -0.0204429    -0.261807
-0.472041    -0.0783128    0.411921    0.483656    0.709245    -0.0204995    -0.261846
-0.472096    -0.0716436    0.413964    0.483659    0.70924    -0.0203278    -0.261857
-0.472154    -0.0649678    0.41602    0.483619    0.708975    -0.020925    -0.26299
-0.472214    -0.0582758    0.418094    0.483508    0.708606    -0.0231929    -0.264643
-0.472288    -0.051568    0.420149    0.483482    0.708758    -0.0245304    -0.264092
-0.472373    -0.0448456    0.42219    0.483566    0.708852    -0.0223641    -0.263587
-0.472442    -0.0381148    0.424311    0.483581    0.708381    -0.0193942    -0.265323
-0.472498    -0.0313642    0.426509    0.483572    0.708241    -0.0189227    -0.265862
-0.472569    -0.0245469    0.42872    0.483595    0.708435    -0.0191913    -0.265089
-0.472657    -0.0178198    0.430875    0.483627    0.708811    -0.0198516    -0.263592
-0.472759    -0.0115778    0.432825    0.483635    0.709225    -0.0212485    -0.261981
-0.472914    -0.00478889    0.434959    0.483593    0.708667    -0.0205934    -0.264234
-0.473183    0.00421802    0.4379    0.483477    0.70801    -0.0214399    -0.266966
NEXT
-0.467436    0.00506188    0.436023    0.483546    0.708448    -0.0212462    -0.265171
-0.467177    -0.00401616    0.433108    0.483583    0.708769    -0.0213801    -0.263866
-0.467024    -0.0108507    0.430974    0.483581    0.709009    -0.0223781    -0.262939
-0.46692    -0.0171235    0.429009    0.483558    0.708506    -0.0211406    -0.264928
-0.466829    -0.0238734    0.426837    0.483539    0.708194    -0.0201634    -0.266136
-0.466747    -0.0307126    0.42462    0.483559    0.708252    -0.0195831    -0.265863
-0.466672    -0.037486    0.422425    0.483609    0.708503    -0.0189305    -0.264791
-0.466596    -0.044229    0.420272    0.483599    0.708679    -0.0203372    -0.264166
-0.466513    -0.0509536    0.418167    0.483508    0.708616    -0.0232303    -0.264605
-0.46642    -0.0576762    0.416107    0.483494    0.708876    -0.0245714    -0.26361
-0.466322    -0.0643929    0.41408    0.483564    0.709078    -0.0231822    -0.262701
-0.46624    -0.0710777    0.412036    0.483594    0.708947    -0.0217424    -0.263159
-0.466173    -0.0777417    0.409979    0.483592    0.708929    -0.0217402    -0.263232
-0.46611    -0.0844177    0.407929    0.48359    0.708983    -0.0220368    -0.263027
-0.466055    -0.0911028    0.405872    0.483575    0.708765    -0.0217001    -0.263904
-0.466016    -0.0977897    0.403788    0.483531    0.708421    -0.0217264    -0.265312
-0.465991    -0.104469    0.401691    0.483491    0.708223    -0.0220773    -0.266141
-0.465979    -0.11113    0.39959    0.483495    0.708201    -0.0218982    -0.266219
-0.465967    -0.117782    0.397516    0.483518    0.70854    -0.0226596    -0.264883
-0.465949    -0.124432    0.395487    0.483526    0.708797    -0.0234104    -0.263873
-0.465932    -0.131111    0.393472    0.483532    0.708913    -0.0235689    -0.263404
-0.465921    -0.13783    0.39146    0.483549    0.708992    -0.0233703    -0.263067
-0.465923    -0.144584    0.389434    0.483555    0.708935    -0.0229787    -0.263279
-0.465941    -0.15136    0.387385    0.483551    0.708605    -0.0218541    -0.264569
-0.465997    -0.158079    0.385284    0.483549    0.708132    -0.0192401    -0.266329
-0.466088    -0.164774    0.383148    0.483605    0.708489    -0.0190195    -0.264856
-0.466188    -0.171624    0.381056    0.483599    0.70901    -0.0217742    -0.2629
-0.466335    -0.178649    0.378951    0.483502    0.708072    -0.0208752    -0.266682
-0.466622    -0.185858    0.376667    0.483372    0.706962    -0.0176157    -0.270935
NEXT
-0.460751    -0.185191    0.374652    0.483356    0.707019    -0.0190447    -0.270809
-0.460507    -0.178013    0.376937    0.483397    0.7076    -0.0218702    -0.268653
-0.460367    -0.171028    0.379086    0.483525    0.708427    -0.0219246    -0.265299
-0.460273    -0.164191    0.381192    0.483535    0.708329    -0.0210706    -0.265647
-0.4602    -0.157471    0.383289    0.483407    0.707901    -0.023186    -0.267513
-0.460147    -0.150727    0.385376    0.483364    0.707996    -0.0248205    -0.267216
-0.460116    -0.143933    0.387446    0.483449    0.708449    -0.0243518    -0.265349
-0.460104    -0.137164    0.389485    0.483501    0.708802    -0.0241426    -0.263892
-0.460109    -0.130433    0.391498    0.483516    0.708849    -0.0238524    -0.263682
-0.46012    -0.123749    0.393517    0.483535    0.708793    -0.0230857    -0.26387
-0.460133    -0.117099    0.39555    0.483553    0.708646    -0.0219377    -0.264405
-0.460144    -0.110453    0.397621    0.483554    0.708433    -0.0208562    -0.26521
-0.460158    -0.103805    0.399714    0.483549    0.708443    -0.0211844    -0.26519
-0.460188    -0.0971475    0.401802    0.483501    0.708352    -0.0224141    -0.265635
-0.460232    -0.090483    0.403879    0.483455    0.708347    -0.0237661    -0.26573
-0.460291    -0.0838153    0.405937    0.483466    0.70851    -0.0241071    -0.265086
-0.46036    -0.0771477    0.407988    0.483464    0.708532    -0.0242656    -0.265004
-0.460438    -0.0704811    0.410036    0.483407    0.708446    -0.0254494    -0.265414
-0.460532    -0.0637879    0.412069    0.483372    0.708594    -0.0267456    -0.264872
-0.460642    -0.0570602    0.414089    0.483403    0.708592    -0.0259825    -0.264842
-0.460734    -0.0503335    0.416176    0.483477    0.708211    -0.0225042    -0.266216
-0.460806    -0.0436112    0.41834    0.483562    0.708313    -0.0199466    -0.26564
-0.460887    -0.0368555    0.420507    0.483569    0.708478    -0.0205747    -0.265005
-0.460979    -0.0300558    0.422671    0.483477    0.708163    -0.0222554    -0.266396
-0.461071    -0.0231944    0.42487    0.483397    0.707826    -0.0231399    -0.267817
-0.461163    -0.0164245    0.427041    0.483373    0.707906    -0.024167    -0.267549
-0.461258    -0.0101236    0.429026    0.483422    0.708312    -0.0245543    -0.265916
-0.461393    -0.00323293    0.431193    0.483491    0.708372    -0.0228168    -0.265576
-0.461625    0.0059599    0.434143    0.483542    0.708427    -0.0213226    -0.265263
NEXT
-0.455751    0.00688141    0.432239    0.483505    0.708129    -0.0211588    -0.266466
-0.45556    -0.00244969    0.429214    0.483433    0.707996    -0.022862    -0.267109
-0.455451    -0.00940152    0.426997    0.483396    0.708033    -0.0241207    -0.267028
-0.455368    -0.0157293    0.424999    0.483413    0.708078    -0.0238301    -0.26683
-0.455276    -0.0225188    0.422852    0.483498    0.708363    -0.0225293    -0.265595
-0.455178    -0.0293994    0.420689    0.483559    0.70868    -0.0218768    -0.264261
-0.455078    -0.03622    0.418556    0.483565    0.708606    -0.0213325    -0.264529
-0.454999    -0.0429867    0.416388    0.483528    0.708079    -0.0198425    -0.266585
-0.454941    -0.049709    0.414186    0.483515    0.708101    -0.0205768    -0.266542
-0.454863    -0.0564349    0.412063    0.483505    0.708676    -0.0235668    -0.264378
-0.454763    -0.0631636    0.41002    0.483464    0.708799    -0.0251198    -0.263955
-0.454668    -0.0698629    0.407993    0.483457    0.708769    -0.02519    -0.26408
-0.454582    -0.0765352    0.405965    0.483465    0.708601    -0.0244271    -0.264732
-0.454516    -0.0831942    0.403911    0.483417    0.708213    -0.0242919    -0.266307
-0.454461    -0.0898462    0.401847    0.483375    0.708177    -0.0253048    -0.266504
-0.454406    -0.0965005    0.399805    0.483429    0.708478    -0.024981    -0.265263
-0.454362    -0.103151    0.397759    0.48351    0.708485    -0.0226982    -0.26511
-0.45434    -0.109793    0.395683    0.483558    0.708473    -0.0209459    -0.265053
-0.454329    -0.116434    0.39361    0.483576    0.708664    -0.0211641    -0.264284
-0.454321    -0.12308    0.391559    0.483543    0.708671    -0.0224216    -0.264331
-0.454315    -0.129765    0.389524    0.483501    0.708694    -0.0237885    -0.264315
-0.454314    -0.136502    0.387495    0.483474    0.708593    -0.0241964    -0.264749
-0.454334    -0.14328    0.385426    0.483435    0.708175    -0.0236398    -0.266427
-0.454377    -0.150084    0.383319    0.483402    0.708035    -0.0239972    -0.267015
-0.454419    -0.156852    0.381248    0.483449    0.708399    -0.0241264    -0.26554
-0.454464    -0.163599    0.379202    0.483525    0.708484    -0.0221521    -0.265082
-0.454546    -0.170419    0.377086    0.483479    0.707971    -0.0211753    -0.267108
-0.454674    -0.177355    0.374892    0.483375    0.707451    -0.021669    -0.269241
-0.454863    -0.184491    0.372623    0.483397    0.707382    -0.020447    -0.269444
NEXT
-0.448939    -0.183767    0.37059    0.483429    0.707688    -0.0213119    -0.268267
-0.4488    -0.176681    0.372844    0.483387    0.707431    -0.0211465    -0.269292
-0.448688    -0.169793    0.375068    0.483444    0.707644    -0.0204256    -0.268385
-0.448618    -0.162995    0.377204    0.483531    0.708514    -0.0221179    -0.264954
-0.448593    -0.156236    0.379239    0.483541    0.708867    -0.0231516    -0.263569
-0.448567    -0.149451    0.381302    0.483511    0.708457    -0.0224976    -0.265213
-0.448535    -0.142631    0.383412    0.483462    0.708261    -0.0232091    -0.266054
-0.448521    -0.135844    0.385491    0.483453    0.708468    -0.0243068    -0.265268
-0.448524    -0.129104    0.387537    0.483482    0.708484    -0.0235196    -0.265161
-0.448525    -0.122423    0.389604    0.48354    0.708423    -0.0213471    -0.265282
-0.448527    -0.115783    0.391682    0.483597    0.708715    -0.0205891    -0.264037
-0.448548    -0.10914    0.393738    0.48355    0.708733    -0.0223801    -0.264074
-0.448589    -0.102493    0.395767    0.483426    0.708543    -0.0252928    -0.265012
-0.448647    -0.0958418    0.397767    0.48332    0.708478    -0.0275424    -0.265378
-0.448705    -0.0891956    0.399789    0.483301    0.707925    -0.0260972    -0.267566
-0.448744    -0.0825613    0.40188    0.48339    0.707816    -0.0233027    -0.267863
-0.448793    -0.0759179    0.403966    0.483513    0.708566    -0.0229039    -0.264791
-0.448868    -0.0692516    0.406008    0.483581    0.709097    -0.0226888    -0.262594
-0.448952    -0.0625534    0.408045    0.483621    0.709231    -0.0217927    -0.26199
-0.449038    -0.0558224    0.410103    0.483637    0.709093    -0.0206518    -0.262488
-0.449107    -0.0490861    0.412226    0.483589    0.708438    -0.0194522    -0.265093
-0.44916    -0.0423469    0.414415    0.483512    0.70804    -0.0203379    -0.266777
-0.449223    -0.035577    0.416592    0.483561    0.708411    -0.0205334    -0.265277
-0.4493    -0.0287635    0.418747    0.483661    0.70907    -0.0194512    -0.262498
-0.449393    -0.021875    0.420882    0.483643    0.70926    -0.0210464    -0.261823
-0.449491    -0.0150632    0.422971    0.483525    0.708726    -0.0231949    -0.26415
-0.449571    -0.00870627    0.424947    0.483431    0.708208    -0.0238969    -0.266305
-0.449663    -0.00169754    0.427182    0.483394    0.707772    -0.0228956    -0.268021
-0.449811    0.00775194    0.430273    0.483451    0.707764    -0.0209423    -0.267934
NEXT
-0.443803    0.00854787    0.428272    0.483524    0.707886    -0.0186232    -0.267285
-0.443697    -0.000988817    0.42514    0.483539    0.708203    -0.0201728    -0.266103
-0.443619    -0.00804157    0.422908    0.483573    0.708859    -0.0221007    -0.26354
-0.443541    -0.0144209    0.420963    0.48359    0.709262    -0.0229502    -0.261931
-0.443444    -0.0212467    0.418924    0.483599    0.709352    -0.022881    -0.261553
-0.443368    -0.0281334    0.416804    0.483584    0.708591    -0.0205407    -0.264543
-0.443325    -0.0349298    0.414613    0.483534    0.708098    -0.019771    -0.266501
-0.443284    -0.0417018    0.412436    0.483567    0.708387    -0.0200938    -0.265347
-0.443234    -0.0484662    0.410292    0.483638    0.708848    -0.0194865    -0.263417
-0.443177    -0.0552158    0.408183    0.483645    0.709058    -0.0202252    -0.262602
-0.443113    -0.0619453    0.406106    0.483587    0.708896    -0.0218318    -0.263373
-0.443051    -0.0686373    0.404045    0.483532    0.70871    -0.0228741    -0.264198
-0.442998    -0.075294    0.40198    0.483492    0.708276    -0.0223507    -0.265943
-0.44297    -0.0819248    0.399864    0.483455    0.707801    -0.0210546    -0.267791
-0.442945    -0.0885472    0.397755    0.483494    0.708434    -0.022945    -0.26533
-0.442889    -0.0951887    0.395746    0.483514    0.709262    -0.0250658    -0.262043
-0.442821    -0.101841    0.393778    0.483547    0.709221    -0.0241043    -0.262162
-0.442765    -0.108496    0.391791    0.483568    0.709106    -0.0231245    -0.262583
-0.442731    -0.115144    0.389756    0.483573    0.708636    -0.0211352    -0.264395
-0.442728    -0.12178    0.387658    0.483565    0.708346    -0.0199596    -0.265507
-0.442727    -0.128456    0.385561    0.483552    0.708543    -0.0214908    -0.264798
-0.44272    -0.135193    0.383484    0.48349    0.708481    -0.0233034    -0.265161
-0.442719    -0.141986    0.381399    0.483468    0.708381    -0.023581    -0.265583
-0.442725    -0.148819    0.379302    0.483503    0.708552    -0.0231625    -0.264863
-0.44273    -0.155613    0.377237    0.483498    0.708667    -0.0237442    -0.264422
-0.442743    -0.162371    0.37518    0.483447    0.708146    -0.0231452    -0.266516
-0.442796    -0.169151    0.37303    0.483408    0.707478    -0.020664    -0.269073
-0.442881    -0.176003    0.370804    0.483466    0.707723    -0.0201194    -0.268046
-0.442973    -0.183034    0.368572    0.483539    0.708225    -0.0203361    -0.266025
NEXT
-0.437023    -0.190839    0.363942    0.483652    0.708791    -0.0184309    -0.263577
-0.436959    -0.182316    0.366599    0.483638    0.70877    -0.0190585    -0.263707
-0.436913    -0.175336    0.368791    0.483561    0.708311    -0.019894    -0.265642
-0.436873    -0.168493    0.370968    0.483404    0.707725    -0.0223515    -0.268176
-0.436851    -0.161716    0.373105    0.483342    0.707787    -0.0245313    -0.268049
-0.43685    -0.154966    0.375197    0.483429    0.708242    -0.0241054    -0.266177
-0.436865    -0.148176    0.377284    0.483476    0.708489    -0.0237505    -0.265151
-0.436888    -0.141341    0.379379    0.483465    0.708367    -0.0235922    -0.26564
-0.436904    -0.134555    0.381494    0.483521    0.708297    -0.0214102    -0.265798
-0.436911    -0.12783    0.383624    0.483617    0.708627    -0.019168    -0.264303
-0.436925    -0.121153    0.385731    0.483611    0.708659    -0.0197628    -0.264211
-0.436949    -0.114509    0.38781    0.483543    0.708585    -0.0220021    -0.264658
-0.436985    -0.107864    0.389855    0.483588    0.708992    -0.022054    -0.262991
-0.437034    -0.101217    0.391863    0.483669    0.709625    -0.0211461    -0.260314
-0.437099    -0.0945693    0.393832    0.483686    0.710032    -0.0214738    -0.258638
-0.437156    -0.087927    0.395822    0.483669    0.709287    -0.0200553    -0.261646
-0.437185    -0.0812968    0.397896    0.483558    0.708374    -0.0204358    -0.265421
-0.43721    -0.0746594    0.399983    0.483468    0.708271    -0.0230336    -0.266002
-0.437245    -0.0680023    0.402047    0.48345    0.708323    -0.0238011    -0.265831
-0.437276    -0.0613178    0.404132    0.48351    0.708318    -0.0218988    -0.265745
-0.437299    -0.054602    0.406255    0.483627    0.708712    -0.0193068    -0.263962
-0.437328    -0.0478511    0.408369    0.48367    0.709098    -0.0191233    -0.262359
-0.437364    -0.0410686    0.410473    0.483628    0.708854    -0.019995    -0.263425
-0.437393    -0.0342837    0.412614    0.483534    0.708233    -0.0205738    -0.266007
-0.437419    -0.0274841    0.414783    0.483464    0.70817    -0.0227192    -0.266395
-0.437469    -0.0206054    0.41691    0.483529    0.708856    -0.0235307    -0.263635
-0.437536    -0.0137921    0.418973    0.483646    0.709307    -0.0211567    -0.261636
-0.437597    -0.00741174    0.420926    0.483689    0.70934    -0.0193544    -0.261377
-0.437657    -0.000340578    0.423157    0.483668    0.70877    -0.0172917    -0.263578
NEXT
-0.431601    0.000254386    0.421165    0.483584    0.708434    -0.0196732    -0.265125
-0.431564    -0.00680801    0.418942    0.483595    0.708799    -0.0211243    -0.263728
-0.431529    -0.0131736    0.416971    0.483562    0.708703    -0.0218351    -0.264167
-0.431499    -0.0199671    0.414871    0.483522    0.708541    -0.0225419    -0.264871
-0.431476    -0.0268382    0.412737    0.48351    0.708386    -0.0222368    -0.265485
-0.43146    -0.0336484    0.410608    0.483552    0.708555    -0.0215635    -0.264754
-0.431441    -0.0404462    0.408514    0.48361    0.70904    -0.021475    -0.262758
-0.431421    -0.0472378    0.406449    0.48365    0.709057    -0.0199063    -0.262585
-0.431422    -0.0539828    0.404325    0.483601    0.70835    -0.0181525    -0.265361
-0.43144    -0.0606809    0.402153    0.483533    0.708103    -0.0198829    -0.266488
-0.43144    -0.0673568    0.400044    0.483498    0.708367    -0.0225193    -0.26558
-0.431422    -0.0740167    0.397989    0.483493    0.70851    -0.0232964    -0.26504
-0.431394    -0.0806684    0.395948    0.483563    0.708828    -0.0223185    -0.263682
-0.431354    -0.087315    0.393929    0.483637    0.709374    -0.0216647    -0.261391
-0.431298    -0.0939599    0.391949    0.483628    0.709643    -0.0226948    -0.260335
-0.431244    -0.100601    0.389958    0.483584    0.708986    -0.0221683    -0.263021
-0.431211    -0.107235    0.387903    0.483505    0.708354    -0.0222798    -0.265619
-0.431175    -0.113877    0.385843    0.483501    0.708584    -0.0233157    -0.264739
-0.431122    -0.120538    0.383807    0.483603    0.708996    -0.0215711    -0.262946
-0.431085    -0.127223    0.381716    0.483639    0.708665    -0.0183584    -0.264089
-0.431072    -0.133935    0.379547    0.483612    0.708437    -0.0181388    -0.265004
-0.431044    -0.140709    0.3774    0.483616    0.708831    -0.0203887    -0.263549
-0.430996    -0.147535    0.375294    0.483598    0.708851    -0.0212219    -0.263521
-0.430964    -0.154315    0.373178    0.483551    0.708435    -0.020992    -0.265207
-0.430949    -0.161054    0.371049    0.483517    0.708314    -0.0216613    -0.265746
-0.430936    -0.167837    0.368933    0.483565    0.708633    -0.0214786    -0.264428
-0.430927    -0.174678    0.366811    0.483628    0.708836    -0.019831    -0.26349
-0.430934    -0.1816    0.364649    0.483618    0.708673    -0.0194494    -0.264134
-0.430954    -0.189998    0.362004    0.483567    0.708393    -0.0201045    -0.265321
NEXT
-0.42493    -0.189126    0.360028    0.483468    0.707882    -0.0210797    -0.267466
-0.424941    -0.180873    0.362698    0.483573    0.708203    -0.0186174    -0.265995
-0.424958    -0.174026    0.364876    0.483665    0.708997    -0.0189781    -0.262766
-0.425003    -0.167196    0.366978    0.483656    0.709228    -0.0203568    -0.261907
-0.425047    -0.160411    0.369088    0.483626    0.708745    -0.0194888    -0.263838
-0.42508    -0.153677    0.371235    0.483622    0.708609    -0.0188584    -0.264353
-0.425126    -0.146911    0.373376    0.483658    0.708969    -0.0191089    -0.262893
-0.425185    -0.140103    0.375507    0.483687    0.709072    -0.0180455    -0.262391
-0.425227    -0.13334    0.377664    0.483666    0.708703    -0.0168229    -0.263815
-0.425258    -0.126626    0.379823    0.483651    0.708899    -0.0191909    -0.263187
-0.425323    -0.119928    0.381868    0.483568    0.7094    -0.0239233    -0.261413
-0.425405    -0.113247    0.383848    0.483469    0.70873    -0.0247748    -0.26422
-0.425446    -0.1066    0.385907    0.483433    0.707965    -0.0226993    -0.267224
-0.425468    -0.0999715    0.387994    0.483497    0.708427    -0.0228626    -0.265356
-0.425507    -0.0933367    0.390022    0.48357    0.709105    -0.0231166    -0.262586
-0.425554    -0.0866911    0.392013    0.4836    0.709319    -0.0227318    -0.261679
-0.4256    -0.0800307    0.393996    0.483559    0.709188    -0.0236492    -0.262277
-0.425628    -0.0733683    0.396007    0.483524    0.708668    -0.0229455    -0.264374
-0.425631    -0.0667112    0.398069    0.48354    0.708345    -0.0209384    -0.265574
-0.425606    -0.0600448    0.400202    0.483544    0.707981    -0.018363    -0.26688
-0.425561    -0.0533599    0.4024    0.483575    0.708132    -0.0177909    -0.266223
-0.425541    -0.0466232    0.40452    0.483623    0.709039    -0.020982    -0.26273
-0.425554    -0.0398332    0.406548    0.483587    0.709158    -0.0226827    -0.262345
-0.425561    -0.033033    0.408611    0.48356    0.708699    -0.0218889    -0.264183
-0.425559    -0.0262187    0.410719    0.483551    0.708589    -0.0217961    -0.26463
-0.425563    -0.0193481    0.412838    0.483526    0.708586    -0.0226409    -0.264691
-0.425571    -0.0125631    0.414924    0.483489    0.708415    -0.0230227    -0.265412
-0.425582    -0.00622116    0.416893    0.483495    0.70832    -0.0224403    -0.265767
-0.425588    0.00080468    0.419097    0.483492    0.708172    -0.0218239    -0.266333
NEXT
-0.41961    0.00137014    0.417027    0.483523    0.708478    -0.0222032    -0.265109
-0.419638    -0.00563226    0.414855    0.483558    0.708473    -0.0209519    -0.265049
-0.419653    -0.011958    0.412897    0.483561    0.708681    -0.0218063    -0.264251
-0.419666    -0.0187405    0.410828    0.483562    0.708794    -0.0222491    -0.263817
-0.419681    -0.0256125    0.408728    0.483567    0.7087    -0.0217214    -0.264168
-0.419699    -0.032427    0.406633    0.483581    0.708813    -0.0216519    -0.263703
-0.419705    -0.0392209    0.404583    0.483574    0.709143    -0.023027    -0.262424
-0.419702    -0.0459986    0.402566    0.483548    0.708765    -0.0226214    -0.263958
-0.41973    -0.0527261    0.400455    0.483505    0.707864    -0.0193651    -0.267426
-0.419784    -0.0594056    0.398264    0.483538    0.707952    -0.0184297    -0.267004
-0.419817    -0.0660675    0.396132    0.4836    0.708528    -0.0194978    -0.264729
-0.419822    -0.0727222    0.394066    0.483624    0.709033    -0.0209468    -0.262754
-0.419797    -0.0793885    0.39206    0.483604    0.70943    -0.0229388    -0.261232
-0.419755    -0.086056    0.39008    0.483576    0.709184    -0.0230998    -0.26226
-0.419716    -0.092707    0.388072    0.483562    0.708911    -0.0226485    -0.263361
-0.419686    -0.0993457    0.386023    0.483547    0.708486    -0.0214171    -0.265026
-0.419669    -0.105977    0.38392    0.483528    0.708215    -0.020718    -0.266088
-0.419627    -0.112628    0.381858    0.483524    0.708964    -0.0239984    -0.263219
-0.419537    -0.119314    0.379891    0.483461    0.709199    -0.0262624    -0.262362
-0.41946    -0.126016    0.377863    0.483437    0.708241    -0.02386    -0.26617
-0.419415    -0.132729    0.375718    0.48342    0.707812    -0.0223069    -0.267823
-0.419363    -0.139481    0.373564    0.483447    0.70811    -0.0229492    -0.266653
-0.419296    -0.14627    0.371425    0.483465    0.708195    -0.0227767    -0.266295
-0.419236    -0.153027    0.369279    0.48348    0.708075    -0.0217656    -0.266726
-0.419181    -0.15976    0.367133    0.483522    0.708434    -0.0220737    -0.26528
-0.419104    -0.166551    0.365036    0.483585    0.709147    -0.0227598    -0.262393
-0.419023    -0.173372    0.362946    0.483619    0.708761    -0.0199128    -0.263802
-0.418984    -0.180142    0.360746    0.483508    0.70768    -0.0175612    -0.26804
-0.418944    -0.188244    0.358044    0.483446    0.707624    -0.020219    -0.268453
NEXT
-0.412989    -0.187368    0.356071    0.483421    0.707385    -0.0193768    -0.26936
-0.413066    -0.179414    0.358791    0.483431    0.707242    -0.0174359    -0.269799
-0.413136    -0.172712    0.360995    0.48355    0.708575    -0.0217007    -0.26468
-0.413258    -0.16589    0.36306    0.483496    0.709192    -0.025355    -0.262347
-0.413371    -0.159086    0.36513    0.483445    0.70839    -0.0242254    -0.265581
-0.41345    -0.152348    0.367259    0.483397    0.707956    -0.0237688    -0.267323
-0.413527    -0.145596    0.369385    0.483362    0.708042    -0.0250804    -0.267042
-0.413605    -0.13882    0.371497    0.483313    0.707833    -0.0254799    -0.267907
-0.413663    -0.132079    0.373639    0.483268    0.707395    -0.0246048    -0.269634
-0.413706    -0.125378    0.375791    0.483298    0.707662    -0.0251106    -0.26858
-0.413767    -0.118694    0.377863    0.483433    0.70859    -0.0252441    -0.264818
-0.413833    -0.112026    0.379889    0.483576    0.708826    -0.0219255    -0.263666
-0.413868    -0.105376    0.381974    0.483588    0.708436    -0.0195295    -0.265108
-0.413887    -0.0987328    0.384074    0.483574    0.708639    -0.0212052    -0.264387
-0.41392    -0.0920751    0.386116    0.483545    0.708944    -0.0233606    -0.263266
-0.413956    -0.08541    0.388132    0.483548    0.708916    -0.0231748    -0.263368
-0.413984    -0.0787444    0.390149    0.483623    0.709157    -0.0214321    -0.26227
-0.413999    -0.0720826    0.39218    0.483666    0.70919    -0.0197683    -0.262025
-0.413999    -0.0654264    0.394232    0.483637    0.708853    -0.019593    -0.263403
-0.413977    -0.0587604    0.396331    0.483549    0.708201    -0.0196756    -0.266077
-0.413935    -0.0520768    0.398478    0.483457    0.707855    -0.0212469    -0.267585
-0.413906    -0.0453587    0.400581    0.483473    0.708383    -0.0233761    -0.265564
-0.413895    -0.0386036    0.402625    0.483553    0.708851    -0.0227712    -0.263612
-0.413875    -0.031823    0.404681    0.483583    0.708838    -0.0216595    -0.263602
-0.413845    -0.0250112    0.40676    0.483579    0.708778    -0.0216018    -0.263843
-0.413809    -0.0181401    0.408856    0.483599    0.708869    -0.021246    -0.263445
-0.413769    -0.0113573    0.410927    0.483626    0.708901    -0.0202442    -0.26325
-0.413724    -0.00503035    0.412876    0.483626    0.70877    -0.0196088    -0.263746
-0.413662    0.00198713    0.415002    0.483585    0.709101    -0.0226311    -0.262575
NEXT
-0.407713    0.00262845    0.413061    0.483701    0.709909    -0.0206503    -0.259099
-0.407814    -0.004435    0.410961    0.483703    0.709181    -0.0176809    -0.261912
-0.407889    -0.0107736    0.409008    0.483688    0.709075    -0.0180522    -0.262377
-0.407961    -0.0175507    0.406916    0.483636    0.708828    -0.0194123    -0.263494
-0.408021    -0.0244117    0.404802    0.48358    0.708662    -0.0210504    -0.264282
-0.408066    -0.0312132    0.402716    0.48353    0.708548    -0.0222658    -0.264824
-0.408097    -0.0379766    0.400644    0.48349    0.708443    -0.0231647    -0.265308
-0.408116    -0.0447088    0.398578    0.483456    0.708243    -0.0232987    -0.266131
-0.408139    -0.0514161    0.396488    0.483467    0.708059    -0.0220786    -0.266808
-0.408164    -0.0581012    0.39438    0.483531    0.708351    -0.0213243    -0.265574
-0.40817    -0.0647698    0.392312    0.483581    0.708792    -0.0215626    -0.263781
-0.408162    -0.0714274    0.390271    0.483592    0.708812    -0.0212934    -0.263685
-0.408154    -0.0780861    0.388211    0.483549    0.708543    -0.0216279    -0.264807
-0.408138    -0.0847518    0.386153    0.483496    0.708586    -0.023498    -0.264741
-0.408104    -0.0914335    0.384128    0.48348    0.708829    -0.0247604    -0.263812
-0.408066    -0.0981147    0.382098    0.483513    0.708589    -0.0230192    -0.264701
-0.408038    -0.10478    0.380022    0.483578    0.708563    -0.0206522    -0.264665
-0.408005    -0.111437    0.377938    0.483618    0.708836    -0.0203248    -0.263522
-0.407958    -0.118092    0.375868    0.483588    0.708758    -0.0211218    -0.263893
-0.40791    -0.124764    0.373775    0.483586    0.70857    -0.0202735    -0.264608
-0.407863    -0.131462    0.371645    0.483652    0.708803    -0.018541    -0.263534
-0.407805    -0.13819    0.36952    0.483674    0.709078    -0.0188476    -0.262424
-0.407731    -0.144945    0.367408    0.483627    0.708859    -0.0200669    -0.263412
-0.407654    -0.151683    0.365274    0.48356    0.708428    -0.0206753    -0.265219
-0.407565    -0.158418    0.363134    0.483512    0.708565    -0.0229605    -0.264797
-0.407435    -0.165223    0.361054    0.483437    0.709007    -0.0263452    -0.263157
-0.407287    -0.172034    0.358986    0.483391    0.708112    -0.0245639    -0.266733
-0.407183    -0.178675    0.356797    0.483325    0.706936    -0.0196963    -0.271183
-0.407057    -0.186495    0.354108    0.483427    0.707399    -0.0192006    -0.269293
NEXT
-0.401143    -0.185624    0.352162    0.483499    0.707817    -0.0192879    -0.267611
-0.401334    -0.177923    0.354766    0.483397    0.707451    -0.0208546    -0.269191
-0.401469    -0.171339    0.356919    0.483406    0.708085    -0.0240889    -0.266817
-0.401622    -0.164557    0.359029    0.483498    0.708735    -0.0239943    -0.264159
-0.401745    -0.157768    0.361168    0.483571    0.708438    -0.0202928    -0.265151
-0.401823    -0.151048    0.363358    0.483601    0.708322    -0.0179318    -0.265461
-0.40188    -0.144335    0.365542    0.483671    0.708737    -0.0166907    -0.263665
-0.401926    -0.137616    0.3677    0.483741    0.709324    -0.0156874    -0.261161
-0.401981    -0.130899    0.369806    0.483745    0.709628    -0.0174095    -0.260039
-0.402044    -0.124191    0.371867    0.483673    0.709265    -0.0198203    -0.26172
-0.402095    -0.117515    0.373933    0.483634    0.70895    -0.0201948    -0.263047
-0.402136    -0.110857    0.376    0.483635    0.709026    -0.0204704    -0.262748
-0.402178    -0.10418    0.378049    0.483593    0.708997    -0.0219743    -0.262966
-0.40222    -0.0974869    0.380083    0.483529    0.708864    -0.023546    -0.263603
-0.402261    -0.0907815    0.382105    0.483516    0.708915    -0.0240818    -0.263425
-0.402292    -0.084083    0.384146    0.483528    0.70858    -0.0225091    -0.264709
-0.402302    -0.0774098    0.386231    0.483527    0.708311    -0.0212593    -0.265732
-0.40231    -0.070749    0.388309    0.483548    0.708596    -0.0219326    -0.264608
-0.402326    -0.0640918    0.390353    0.483556    0.708756    -0.022252    -0.263974
-0.402333    -0.0574262    0.39241    0.483548    0.708523    -0.0215885    -0.264889
-0.402325    -0.0507471    0.394495    0.483527    0.708381    -0.0216241    -0.265471
-0.402314    -0.0440525    0.396573    0.483519    0.708473    -0.0223783    -0.265138
-0.402299    -0.0373397    0.398639    0.483513    0.708438    -0.0223824    -0.265281
-0.40226    -0.0305957    0.400728    0.483536    0.708363    -0.0212041    -0.265516
-0.402195    -0.0238134    0.402848    0.483586    0.708425    -0.0195127    -0.265153
-0.402108    -0.016974    0.405002    0.483633    0.708534    -0.0177006    -0.264575
-0.402005    -0.0102111    0.407133    0.483687    0.708894    -0.0169221    -0.263038
-0.401903    -0.0038549    0.409102    0.483717    0.709241    -0.0172082    -0.261629
-0.401758    0.00327888    0.411212    0.483739    0.710087    -0.0192372    -0.258259
-0.401498    0.0131005    0.413958    0.483759    0.710842    -0.019207    -0.255075
NEXT
-0.395503    0.0138749    0.412191    0.483777    0.710441    -0.0177618    -0.256663
-0.395862    0.00389777    0.40935    0.483692    0.709499    -0.0197694    -0.260746
-0.396047    -0.00329711    0.407203    0.483629    0.708709    -0.019193    -0.263968
-0.396163    -0.00966178    0.405222    0.4836    0.708403    -0.0185698    -0.265174
-0.396275    -0.0164082    0.403082    0.4836    0.708311    -0.0178763    -0.265502
-0.396367    -0.0232257    0.400919    0.483624    0.708503    -0.0181084    -0.264732
-0.396432    -0.0299884    0.398788    0.48364    0.708718    -0.0186306    -0.263891
-0.396464    -0.0367131    0.396695    0.483659    0.709017    -0.0193716    -0.262712
-0.396467    -0.0434065    0.394635    0.483667    0.709093    -0.0193297    -0.262396
-0.396466    -0.0500843    0.392559    0.483651    0.708859    -0.0189442    -0.263332
-0.396465    -0.0567498    0.390468    0.483624    0.708781    -0.0197479    -0.263711
-0.39645    -0.063406    0.3884    0.483597    0.70883    -0.0210865    -0.263595
-0.396428    -0.0700609    0.386346    0.483577    0.708717    -0.0213416    -0.264077
-0.39641    -0.0767328    0.384271    0.483615    0.708759    -0.0201285    -0.263827
-0.396391    -0.0834266    0.382194    0.483669    0.70919    -0.0196646    -0.262018
-0.396361    -0.090148    0.380144    0.483676    0.709458    -0.0204566    -0.260963
-0.396323    -0.0968759    0.378111    0.483657    0.709392    -0.021009    -0.261275
-0.396282    -0.103589    0.376085    0.483637    0.709285    -0.0213867    -0.261739
-0.396246    -0.110275    0.374038    0.483596    0.708804    -0.0210338    -0.263699
-0.396222    -0.116929    0.371956    0.483527    0.708434    -0.0219175    -0.265272
-0.39618    -0.123604    0.369904    0.483516    0.708883    -0.0239844    -0.26355
-0.396112    -0.130317    0.367898    0.483576    0.70911    -0.0229138    -0.262557
-0.396065    -0.137023    0.365814    0.483576    0.708392    -0.0196965    -0.2653
-0.396042    -0.143713    0.363633    0.483528    0.707951    -0.0189529    -0.267042
-0.395996    -0.150413    0.361437    0.483563    0.708154    -0.0187459    -0.266203
-0.395917    -0.157137    0.35925    0.483645    0.708729    -0.018387    -0.263828
-0.395796    -0.163917    0.357095    0.483682    0.709264    -0.0193091    -0.26169
-0.395644    -0.170671    0.354966    0.483669    0.708972    -0.0186245    -0.262844
-0.395491    -0.177188    0.352836    0.483625    0.708411    -0.0171085    -0.265035
-0.395252    -0.184756    0.350277    0.483584    0.70814    -0.017403    -0.266161
NEXT
-0.389388    -0.183888    0.348451    0.483557    0.707862    -0.016152    -0.267196
-0.389655    -0.176466    0.351018    0.483608    0.708233    -0.016655    -0.265725
-0.38981    -0.170027    0.353139    0.483665    0.708925    -0.0184782    -0.263029
-0.389958    -0.163304    0.355254    0.483694    0.709417    -0.0193595    -0.261057
-0.390082    -0.156523    0.35737    0.483667    0.709141    -0.019587    -0.262216
-0.390177    -0.149776    0.359493    0.483557    0.708473    -0.0210251    -0.265055
-0.390227    -0.14307    0.361644    0.48344    0.707747    -0.0212242    -0.268019
-0.390238    -0.136397    0.36381    0.483427    0.707898    -0.0225815    -0.267493
-0.390274    -0.129704    0.365872    0.483431    0.708778    -0.0258847    -0.264076
-0.390329    -0.122996    0.367855    0.483443    0.708644    -0.0251608    -0.26459
-0.390348    -0.116331    0.36992    0.483472    0.707983    -0.0215435    -0.267084
-0.390342    -0.10969    0.372043    0.483544    0.708325    -0.0207006    -0.265639
-0.390354    -0.103005    0.374128    0.483609    0.708935    -0.0211042    -0.263166
-0.39038    -0.096282    0.376186    0.483649    0.709179    -0.0204916    -0.262122
-0.390408    -0.0895338    0.378246    0.483683    0.709366    -0.0197538    -0.261298
-0.390441    -0.0827847    0.380302    0.483691    0.709463    -0.0197373    -0.260895
-0.39048    -0.0760592    0.382345    0.483652    0.709298    -0.0207932    -0.261648
-0.390516    -0.0693686    0.384396    0.483623    0.708941    -0.0205673    -0.263108
-0.390543    -0.0627182    0.386471    0.483647    0.708852    -0.0190552    -0.263369
-0.39056    -0.0560761    0.388569    0.483671    0.708843    -0.0176206    -0.2633
-0.390566    -0.0494286    0.390685    0.483689    0.708951    -0.0172143    -0.262826
-0.390578    -0.0427697    0.39277    0.483704    0.709286    -0.018335    -0.261528
-0.390595    -0.0360954    0.394822    0.483689    0.709246    -0.018927    -0.261737
-0.390584    -0.0293895    0.3969    0.483657    0.708891    -0.0186855    -0.263182
-0.390543    -0.0226461    0.399013    0.483625    0.708609    -0.0187566    -0.264347
-0.390472    -0.0158518    0.401153    0.483597    0.708403    -0.0188469    -0.265196
-0.390377    -0.00912691    0.403271    0.483583    0.708371    -0.019263    -0.265354
-0.390266    -0.00276835    0.405254    0.483582    0.708428    -0.019703    -0.265152
-0.390054    0.00446801    0.40745    0.48362    0.708787    -0.0199297    -0.263696
-0.389607    0.0145832    0.41042    0.483715    0.709392    -0.018188    -0.261078
NEXT
-0.383925    0.0151574    0.408532    0.483474    0.70821    -0.022602    -0.266224
-0.384387    0.00495184    0.405519    0.483539    0.708447    -0.0214964    -0.265191
-0.384579    -0.0022983    0.403327    0.483617    0.708722    -0.0197947    -0.263957
-0.384659    -0.00862684    0.401356    0.483632    0.708584    -0.0181885    -0.264408
-0.384728    -0.0152989    0.399234    0.483579    0.708272    -0.0187593    -0.265722
-0.384769    -0.0220463    0.397096    0.483563    0.708392    -0.0202935    -0.265338
-0.384779    -0.0287597    0.394996    0.483591    0.708714    -0.0207986    -0.264054
-0.384758    -0.0354463    0.392935    0.48363    0.709104    -0.0209534    -0.262458
-0.384714    -0.0421098    0.390901    0.483666    0.709211    -0.0198883    -0.261949
-0.384679    -0.0487619    0.388828    0.48369    0.709026    -0.0176257    -0.262549
-0.384655    -0.0554049    0.386712    0.483707    0.709031    -0.0162441    -0.26242
-0.384632    -0.0620402    0.384593    0.483697    0.708939    -0.0165343    -0.262823
-0.384604    -0.0686862    0.382486    0.483671    0.709048    -0.0188614    -0.262549
-0.38456    -0.0753875    0.380424    0.483645    0.709331    -0.021222    -0.261538
-0.384513    -0.0821326    0.378376    0.483611    0.70904    -0.0214785    -0.262757
-0.384483    -0.0888999    0.376292    0.483552    0.708598    -0.0218055    -0.264593
-0.384461    -0.0956645    0.374198    0.483503    0.708485    -0.0228738    -0.26512
-0.384441    -0.102401    0.372121    0.4835    0.708465    -0.0229262    -0.265205
-0.384435    -0.109095    0.370023    0.483495    0.708078    -0.0211654    -0.266673
-0.384451    -0.11574    0.367885    0.4835    0.707988    -0.0204269    -0.266995
-0.384448    -0.1224    0.365802    0.483499    0.708634    -0.0236409    -0.264552
-0.384413    -0.129096    0.363801    0.483399    0.70854    -0.0259376    -0.265056
-0.384391    -0.135778    0.361742    0.483354    0.707751    -0.0239687    -0.268163
-0.384384    -0.142442    0.359608    0.483422    0.7079    -0.0227278    -0.267492
-0.384332    -0.149154    0.357511    0.483534    0.708793    -0.023151    -0.263873
-0.384235    -0.155911    0.355449    0.483602    0.709056    -0.0217904    -0.26271
-0.384134    -0.162664    0.353341    0.483539    0.7085    -0.0217931    -0.264994
-0.384023    -0.169325    0.351209    0.48339    0.707802    -0.023268    -0.267918
-0.383876    -0.175688    0.34912    0.483402    0.707638    -0.0219293    -0.268504
-0.383567    -0.183008    0.346612    0.483522    0.707827    -0.0181877    -0.26749
-0.382894    -0.193293    0.342945    0.483633    0.70826    -0.0139157    -0.265388
NEXT
-0.377004    -0.192356    0.341245    0.48375    0.709307    -0.0138015    -0.26107
-0.377807    -0.182123    0.344774    0.483624    0.708705    -0.0193806    -0.263996
-0.378156    -0.174857    0.347161    0.483469    0.708332    -0.0233118    -0.26577
-0.37828    -0.168562    0.349193    0.483385    0.70761    -0.0223534    -0.268643
-0.378325    -0.161991    0.35136    0.483482    0.7078    -0.020008    -0.267729
-0.378374    -0.155296    0.353485    0.483598    0.708976    -0.0217094    -0.263038
-0.378452    -0.148549    0.355508    0.483588    0.709287    -0.0230795    -0.261836
-0.378499    -0.141839    0.357555    0.483543    0.708558    -0.0218675    -0.26476
-0.378505    -0.135178    0.359648    0.483485    0.70823    -0.0223161    -0.266128
-0.378512    -0.128507    0.361715    0.483503    0.708556    -0.0231638    -0.264846
-0.378524    -0.121823    0.363763    0.48356    0.7086    -0.0215275    -0.264569
-0.378523    -0.115159    0.365863    0.483553    0.708224    -0.0196966    -0.265984
-0.378517    -0.108496    0.367989    0.483549    0.708368    -0.0207757    -0.26547
-0.378532    -0.101781    0.370078    0.483538    0.708708    -0.0226559    -0.264194
-0.378559    -0.0950242    0.372157    0.483518    0.70849    -0.0224942    -0.265077
-0.37858    -0.0882443    0.374276    0.483502    0.708243    -0.0217914    -0.266043
-0.378607    -0.081466    0.3764    0.483535    0.708523    -0.0220222    -0.264912
-0.37865    -0.0747136    0.378491    0.483599    0.708869    -0.021228    -0.263445
-0.378689    -0.0680094    0.380596    0.483635    0.708663    -0.0184968    -0.264105
-0.378715    -0.061365    0.382744    0.48365    0.708571    -0.0168007    -0.264357
-0.37875    -0.0547273    0.384875    0.483677    0.708921    -0.0178591    -0.262998
-0.378802    -0.0480751    0.386965    0.483658    0.709093    -0.0197396    -0.262424
-0.378867    -0.0414183    0.389012    0.483633    0.709263    -0.021409    -0.261834
-0.37894    -0.0347586    0.391029    0.483621    0.709197    -0.021694    -0.262122
-0.378996    -0.0280934    0.393078    0.483614    0.708873    -0.0207285    -0.263395
-0.379026    -0.0214229    0.395173    0.483601    0.708491    -0.0191653    -0.264856
-0.379023    -0.0147492    0.397331    0.483585    0.70811    -0.017061    -0.26626
-0.378997    -0.00816606    0.399476    0.483632    0.708559    -0.0179238    -0.26449
-0.378979    -0.00190206    0.401424    0.483629    0.709133    -0.0211233    -0.262353
-0.378862    0.00531456    0.403571    0.48358    0.708845    -0.0218179    -0.263579
-0.378474    0.0155244    0.406563    0.483571    0.708712    -0.0215418    -0.264109
NEXT
-0.373244    0.0154672    0.404713    0.483775    0.70968    -0.0140055    -0.259541
-0.373446    0.00544844    0.401653    0.483675    0.709123    -0.019089    -0.262255
-0.373424    -0.00161783    0.399497    0.483619    0.70921    -0.0217651    -0.262075
-0.373331    -0.00774945    0.397567    0.483619    0.708567    -0.018794    -0.264519
-0.373264    -0.0142046    0.395445    0.483637    0.708401    -0.016053    -0.264992
-0.3732    -0.0207807    0.393295    0.483684    0.708843    -0.0167265    -0.263233
-0.37313    -0.0273938    0.391186    0.483673    0.709037    -0.0187428    -0.262585
-0.373051    -0.0340298    0.389121    0.48364    0.709204    -0.0209169    -0.262043
-0.372964    -0.0406835    0.387092    0.483604    0.709123    -0.0219893    -0.262447
-0.372884    -0.0473455    0.385041    0.48358    0.708834    -0.0217612    -0.263624
-0.372816    -0.0540097    0.382956    0.483565    0.708476    -0.0207044    -0.265023
-0.372774    -0.0606592    0.380819    0.483543    0.708071    -0.019169    -0.26657
-0.372749    -0.0673135    0.378653    0.483549    0.708178    -0.0195642    -0.266163
-0.372714    -0.0740233    0.376507    0.483515    0.708275    -0.0215251    -0.265894
-0.372674    -0.0807838    0.374379    0.483472    0.708249    -0.0228279    -0.266079
-0.372637    -0.0875837    0.372257    0.483542    0.708582    -0.0220414    -0.264675
-0.372602    -0.0943902    0.370155    0.483624    0.709031    -0.0208895    -0.262755
-0.372567    -0.101171    0.368083    0.48365    0.709202    -0.0205703    -0.26203
-0.372547    -0.107906    0.365992    0.483633    0.708726    -0.019046    -0.263885
-0.372546    -0.114587    0.363856    0.483602    0.708407    -0.0185486    -0.265159
-0.372546    -0.121264    0.361747    0.483621    0.708805    -0.0199678    -0.263625
-0.372539    -0.127954    0.359689    0.48365    0.709103    -0.020109    -0.262408
-0.372539    -0.134627    0.357632    0.483673    0.709079    -0.0189542    -0.262429
-0.372547    -0.141283    0.355571    0.483694    0.709306    -0.0189434    -0.261489
-0.372529    -0.14797    0.353548    0.483678    0.709635    -0.0208482    -0.260254
-0.372499    -0.154673    0.351537    0.483628    0.708944    -0.0204324    -0.263085
-0.372514    -0.161295    0.349425    0.483526    0.707799    -0.0176087    -0.267561
-0.372541    -0.167783    0.347283    0.483575    0.708254    -0.018857    -0.265802
-0.372477    -0.174025    0.34532    0.483659    0.70943    -0.0210472    -0.261119
-0.372163    -0.181276    0.343039    0.483731    0.709692    -0.0185795    -0.25986
-0.371353    -0.191547    0.339637    0.483799    0.710143    -0.0142002    -0.257621
NEXT
-0.366103    -0.190832    0.338124    0.483744    0.710079    -0.0190442    -0.258279
-0.366747    -0.180486    0.341392    0.483646    0.709668    -0.0221076    -0.260196
-0.366935    -0.173227    0.343578    0.483597    0.709408    -0.0230969    -0.261334
-0.366904    -0.167025    0.345467    0.483546    0.708243    -0.0201834    -0.265938
-0.366802    -0.160608    0.347542    0.483476    0.707627    -0.0188426    -0.268349
-0.366722    -0.154058    0.349616    0.483537    0.708444    -0.0216209    -0.26521
-0.366694    -0.147417    0.351625    0.483568    0.708938    -0.0226244    -0.263247
-0.36667    -0.140765    0.353642    0.483576    0.708765    -0.0216028    -0.263895
-0.36664    -0.134117    0.355683    0.483574    0.708737    -0.0215427    -0.264007
-0.36663    -0.127435    0.357722    0.483582    0.70893    -0.0220428    -0.263247
-0.366639    -0.120726    0.35977    0.483589    0.708718    -0.0209085    -0.264045
-0.366638    -0.114029    0.361887    0.483568    0.70822    -0.0190184    -0.265955
-0.366634    -0.107328    0.36404    0.483587    0.708474    -0.0196908    -0.264963
-0.366644    -0.100573    0.366144    0.483632    0.709067    -0.0207041    -0.262597
-0.366671    -0.0937707    0.368214    0.48366    0.709338    -0.0207112    -0.261476
-0.366714    -0.0869335    0.37028    0.483642    0.709385    -0.0215218    -0.261336
-0.366757    -0.0801054    0.372372    0.483613    0.708803    -0.0204377    -0.263665
-0.366786    -0.0733304    0.374521    0.483594    0.708391    -0.0188779    -0.265246
-0.366807    -0.0666036    0.376685    0.483578    0.708299    -0.0190246    -0.265632
-0.366823    -0.05992    0.378838    0.48352    0.708102    -0.0203786    -0.266527
-0.366856    -0.0532423    0.380967    0.483501    0.708249    -0.0218707    -0.266021
-0.366912    -0.0465569    0.383067    0.48354    0.708569    -0.0220859    -0.26473
-0.366983    -0.0398836    0.385142    0.483577    0.70885    -0.0219083    -0.263567
-0.367066    -0.0332322    0.3872    0.483605    0.708848    -0.0209218    -0.263511
-0.367161    -0.0266304    0.389297    0.483619    0.708594    -0.0189141    -0.264417
-0.367275    -0.0200903    0.39143    0.483637    0.708581    -0.0178236    -0.264391
-0.367436    -0.0136409    0.393552    0.483617    0.708505    -0.0184772    -0.264751
-0.367647    -0.00736048    0.395618    0.483573    0.708561    -0.0208051    -0.264684
-0.367909    -0.00143452    0.397536    0.48356    0.708901    -0.0227071    -0.263405
-0.368162    0.00535649    0.399737    0.483588    0.708408    -0.0193115    -0.265207
NEXT
-0.363074    0.00507073    0.397736    0.483403    0.707853    -0.0230504    -0.267698
-0.362434    -0.00131619    0.395519    0.48347    0.708653    -0.0245228    -0.264522
-0.361923    -0.00695732    0.393609    0.483501    0.708484    -0.0229289    -0.265125
-0.361522    -0.0129981    0.391582    0.483535    0.708367    -0.0213033    -0.265505
-0.361236    -0.0192783    0.389485    0.483536    0.708163    -0.0201012    -0.266261
-0.361062    -0.025728    0.387345    0.483527    0.70814    -0.0203171    -0.266369
-0.360951    -0.0322984    0.385236    0.483548    0.708571    -0.0217792    -0.264704
-0.360889    -0.0389669    0.383169    0.483552    0.708665    -0.0220396    -0.264335
-0.360866    -0.0456754    0.381079    0.483508    0.708296    -0.0218539    -0.265828
-0.360877    -0.052409    0.378965    0.483463    0.708132    -0.0225984    -0.266544
-0.3609    -0.0591481    0.376871    0.483538    0.708494    -0.0217971    -0.265018
-0.36093    -0.0658972    0.374782    0.483658    0.708904    -0.0188355    -0.263139
-0.360954    -0.072672    0.372659    0.483714    0.709105    -0.0162974    -0.262117
-0.36097    -0.079479    0.370528    0.483752    0.709575    -0.0165057    -0.260188
-0.360974    -0.0863279    0.368442    0.483736    0.709793    -0.018622    -0.259444
-0.360983    -0.0931788    0.366365    0.483669    0.709179    -0.0196272    -0.262061
-0.361016    -0.099992    0.364267    0.483561    0.708494    -0.0209821    -0.264969
-0.361055    -0.106764    0.362143    0.483479    0.708018    -0.0214474    -0.266936
-0.361088    -0.113494    0.359997    0.483501    0.708014    -0.020627    -0.2669
-0.361113    -0.120214    0.357876    0.483498    0.708262    -0.0220304    -0.265981
-0.361133    -0.126934    0.355799    0.483379    0.708046    -0.024651    -0.267003
-0.361168    -0.133617    0.353743    0.483266    0.707691    -0.0260124    -0.268507
-0.36122    -0.140259    0.351705    0.483229    0.70771    -0.0269259    -0.268473
-0.361266    -0.146889    0.349708    0.483272    0.708107    -0.0273967    -0.266882
-0.361319    -0.153494    0.347733    0.483361    0.70796    -0.0247535    -0.267356
-0.361442    -0.159997    0.345699    0.483352    0.707257    -0.0212183    -0.269995
-0.361614    -0.166368    0.343676    0.483399    0.707789    -0.0228533    -0.267949
-0.361773    -0.172545    0.341848    0.483404    0.708777    -0.026506    -0.26411
-0.36182    -0.179791    0.33977    0.483396    0.709006    -0.0273115    -0.263204
NEXT
-0.356532    -0.179109    0.337933    0.483418    0.709042    -0.0268739    -0.263039
-0.355974    -0.172107    0.339761    0.483484    0.708866    -0.0248107    -0.263664
-0.355612    -0.165941    0.341527    0.483518    0.708106    -0.0204591    -0.266516
-0.355363    -0.159553    0.343538    0.483522    0.707839    -0.0183637    -0.267454
-0.355231    -0.153024    0.345555    0.483548    0.708809    -0.0227234    -0.263781
-0.355206    -0.146394    0.347491    0.483445    0.70895    -0.0260265    -0.263376
-0.355177    -0.139742    0.349466    0.483371    0.708196    -0.0254445    -0.266432
-0.355118    -0.133083    0.351508    0.483332    0.707735    -0.0245392    -0.26826
-0.355045    -0.126388    0.3536    0.48338    0.707667    -0.0228244    -0.268442
-0.354963    -0.119656    0.355728    0.483479    0.707985    -0.021282    -0.267061
-0.354874    -0.112899    0.357839    0.483478    0.708107    -0.0220015    -0.266608
-0.354767    -0.106122    0.359942    0.483408    0.707777    -0.0225812    -0.267983
-0.35462    -0.0993224    0.36207    0.483434    0.707691    -0.0211376    -0.26824
-0.354455    -0.0924965    0.364207    0.483553    0.708255    -0.0199339    -0.265875
-0.354312    -0.0856352    0.366325    0.483663    0.708922    -0.0186493    -0.263051
-0.354183    -0.0787587    0.36842    0.48371    0.709281    -0.0179322    -0.26152
-0.354059    -0.0718872    0.370495    0.483683    0.709261    -0.0193784    -0.261706
-0.35393    -0.0650154    0.372525    0.483599    0.709219    -0.0225156    -0.262081
-0.353792    -0.0581408    0.374501    0.483465    0.708856    -0.0252693    -0.263726
-0.353647    -0.051277    0.376523    0.483345    0.70793    -0.025021    -0.267494
-0.353501    -0.044432    0.378623    0.483293    0.707567    -0.0247615    -0.26895
-0.353419    -0.0376324    0.380712    0.483308    0.707882    -0.025795    -0.267725
-0.353421    -0.0309021    0.382777    0.483316    0.707862    -0.0254902    -0.267792
-0.353534    -0.024343    0.384884    0.48329    0.707417    -0.024145    -0.26952
NEXT
-0.346751    -0.125702    0.350617    0.48338    0.707366    -0.0209385    -0.269539
-0.346863    -0.132446    0.348496    0.483404    0.707994    -0.0237226    -0.267165
-0.346891    -0.139178    0.34646    0.483472    0.708885    -0.0251625    -0.263605
-0.346835    -0.14594    0.344497    0.483522    0.709855    -0.0260558    -0.259635
-0.346751    -0.152715    0.342558    0.483641    0.709501    -0.0218418    -0.260873
-0.346844    -0.159411    0.340488    0.483593    0.708072    -0.0158477    -0.266317
-0.347187    -0.16594    0.338422    0.483576    0.708136    -0.0179036    -0.266218
NEXT
