-0.148529    -0.0544551    0.339342    0.00428339    -0.00560066    -0.00118872    0.999974
-0.138106    -0.0552382    0.339089    0.0125663    -0.013547    -0.00118889    0.999828
NEXT
0.0944871    -0.0477619    0.341166    -0.0175624    -0.0315972    -0.00118947    0.999344
0.0852018    -0.0485436    0.340568    -0.0145564    -0.0294645    -0.00118933    0.999458
0.0755304    -0.0493507    0.340008    -0.00301453    -0.0277178    -0.00118916    0.999609
0.0654885    -0.0499081    0.339421    0.00972205    -0.0281003    -0.00118922    0.999556
0.0551129    -0.0501615    0.338783    0.0235814    -0.0295738    -0.00118954    0.99928
0.0445986    -0.0502234    0.338064    0.0473158    -0.0317548    -0.00119064    0.998362
0.0340041    -0.0502183    0.337557    0.070621    -0.0106925    -0.00119177    0.997414
0.0234278    -0.0505427    0.338381    0.0585724    0.0239533    -0.0011911    0.99797
0.0128498    -0.0510959    0.340054    0.0237836    0.0201363    -0.00118927    0.99951
NEXT
-0.165425    -0.0432248    0.340713    -0.00750952    -0.00348343    -0.00118872    0.999965
-0.15521    -0.0442731    0.340154    -0.00170584    -0.000467101    -0.00118869    0.999998
-0.1458    -0.0448936    0.339869    0.00143052    -0.0137462    -0.0011888    0.999903
-0.135748    -0.0452065    0.340058    0.00919385    -0.0221252    -0.00118903    0.999711
-0.125397    -0.0452748    0.340348    0.0126873    -0.0203485    -0.00118903    0.999711
-0.1149    -0.04514    0.3406    0.00665417    -0.0202688    -0.00118896    0.999771
-0.10437    -0.0449659    0.340925    -0.00294974    -0.0229033    -0.00118901    0.999732
-0.0938317    -0.0447901    0.341287    -0.0123402    -0.0191364    -0.001189    0.999739
-0.0832537    -0.0445773    0.341283    -0.0116566    -0.00886686    -0.00118881    0.999892
-0.0726406    -0.0443298    0.340958    -0.00317136    -0.00704344    -0.00118872    0.999969
-0.0620293    -0.0440774    0.340742    -0.00112252    -0.0105052    -0.00118876    0.999943
-0.0514128    -0.0438251    0.340644    -0.00443127    -0.0121322    -0.00118879    0.999916
-0.0407655    -0.0435777    0.340586    -0.0068259    -0.0130772    -0.00118882    0.99989
-0.0300911    -0.0433482    0.340649    -0.00963287    -0.0184609    -0.00118894    0.999782
-0.0193974    -0.0431568    0.340965    -0.0156396    -0.0244864    -0.00118919    0.999576
-0.00870717    -0.0429834    0.341276    -0.018541    -0.0184682    -0.0011891    0.999656
0.00195654    -0.0428066    0.341328    -0.0112663    -0.0120481    -0.00118885    0.999863
0.0125589    -0.042561    0.341077    0.00668851    -0.00380562    -0.00118872    0.99997
0.0230805    -0.0422144    0.340516    0.0341897    0.00167937    -0.00118939    0.999409
0.0335782    -0.0419668    0.339999    0.0417903    -0.00346322    -0.00118974    0.999113
0.0440696    -0.0418806    0.339681    0.0202774    -0.0097273    -0.00118899    0.999745
0.0544963    -0.0417551    0.339681    0.00372251    -0.0180387    -0.00118889    0.999829
0.0648213    -0.0415233    0.339981    -0.000639338    -0.0217076    -0.00118897    0.999763
0.0749152    -0.0411049    0.340283    -0.00342037    -0.0206418    -0.00118895    0.99978
0.0847727    -0.040521    0.340588    -0.00641438    -0.0236611    -0.00118904    0.999698
0.0944543    -0.0399009    0.341077    -0.0119361    -0.029428    -0.00118929    0.999494
0.103935    -0.0392426    0.34165    -0.0190262    -0.0273925    -0.00118935    0.999442
NEXT
0.10453    -0.0335092    0.341467    -0.023186    -0.0215825    -0.00118929    0.999496
0.0945838    -0.0340268    0.341192    -0.0041795    -0.0209311    -0.00118896    0.999771
0.084616    -0.0345069    0.340874    0.00458323    -0.0220182    -0.00118899    0.999746
0.0746179    -0.0349321    0.340498    -0.00371617    -0.023683    -0.00118903    0.999711
0.0644604    -0.0352534    0.34008    -0.0149724    -0.0248496    -0.00118919    0.999577
0.0541273    -0.0354676    0.33972    -0.0243712    -0.0163725    -0.0011892    0.999567
0.0437259    -0.0356328    0.340008    -0.0200849    0.00157223    -0.00118893    0.999796
0.0332832    -0.0357809    0.340799    -0.00542229    0.00112995    -0.00118871    0.999984
0.0228328    -0.0359951    0.341188    -0.00745424    -0.0105579    -0.00118878    0.999916
0.0123545    -0.0362391    0.341217    -0.0205031    -0.0142386    -0.00118906    0.999687
0.0017904    -0.0364047    0.341205    -0.0223102    -0.0148141    -0.00118912    0.99964
-0.00884223    -0.0365233    0.341164    -0.014049    -0.0154985    -0.00118895    0.99978
-0.0195117    -0.0366533    0.341088    0.000976704    -0.0161062    -0.00118885    0.999869
-0.0301853    -0.0367994    0.341021    0.0132007    -0.0146979    -0.00118892    0.999803
-0.0408305    -0.0369655    0.341006    0.0135915    -0.0133465    -0.00118891    0.999817
-0.0514334    -0.0371426    0.341062    0.0106417    -0.0113873    -0.00118883    0.999877
-0.0619867    -0.0373245    0.341197    0.00916769    -0.0106043    -0.00118881    0.999901
-0.0725221    -0.037503    0.34127    0.000417334    -0.0135949    -0.0011888    0.999906
-0.0830479    -0.0376723    0.341232    -0.0169767    -0.0155525    -0.001189    0.999734
-0.0935192    -0.0378077    0.34118    -0.0206764    -0.015298    -0.00118909    0.999668
-0.10393    -0.0379121    0.34114    -0.0081075    -0.0148943    -0.00118886    0.999855
-0.114313    -0.0380435    0.34111    0.00257433    -0.0144772    -0.00118882    0.999891
-0.124656    -0.0381842    0.341029    0.00780626    -0.0190667    -0.00118895    0.999786
-0.134895    -0.038232    0.340662    0.00626091    -0.026852    -0.00118914    0.999618
-0.144885    -0.0381713    0.340235    0.000848111    -0.0186316    -0.00118889    0.999825
-0.154287    -0.0379878    0.340351    -0.00323286    -0.00333585    -0.0011887    0.999988
-0.164859    -0.0377349    0.34076    -0.0101252    -0.00743839    -0.00118878    0.99992
NEXT
-0.179356    -0.0330618    0.340874    -0.0131598    -0.0164417    -0.00118895    0.999777
-0.164886    -0.0326135    0.340875    -0.00358546    -0.0108931    -0.00118876    0.999933
-0.154328    -0.032467    0.340581    -0.000844033    -0.00471912    -0.0011887    0.999988
-0.144878    -0.0324203    0.34053    0.000161388    -0.0201809    -0.00118893    0.999795
-0.134794    -0.0323458    0.341031    -7.97088e-05    -0.0278997    -0.00118915    0.999609
-0.124488    -0.0322344    0.341394    -0.0020483    -0.0176837    -0.00118887    0.99984
-0.114129    -0.032088    0.341362    -0.00597361    -0.0107841    -0.00118878    0.999923
-0.103756    -0.0319664    0.341194    -0.0118804    -0.00922959    -0.00118882    0.999886
-0.0933708    -0.0318762    0.341009    -0.0184672    -0.0125617    -0.00118899    0.999749
-0.0829375    -0.0317623    0.341111    -0.017988    -0.020684    -0.00118914    0.999623
-0.0724592    -0.0316211    0.341436    -0.010772    -0.019731    -0.00118899    0.999746
-0.0619713    -0.0314743    0.341543    -0.00406985    -0.0134326    -0.0011888    0.9999
-0.0514615    -0.0313275    0.341484    0.00105649    -0.0131946    -0.0011888    0.999911
-0.0408912    -0.0311887    0.341492    0.00388989    -0.0149826    -0.00118883    0.999879
-0.0302689    -0.0310541    0.341492    0.00322525    -0.012283    -0.00118878    0.999918
-0.019611    -0.0309169    0.341351    -0.00266916    -0.00902166    -0.00118874    0.999955
-0.00895875    -0.0307839    0.34118    -0.00942318    -0.010973    -0.00118881    0.999894
0.00164607    -0.0306613    0.341089    -0.0128136    -0.0131509    -0.00118889    0.99983
0.0121792    -0.0305088    0.341131    -0.0118401    -0.0171075    -0.00118894    0.999782
0.0226282    -0.0303032    0.341311    -0.00655185    -0.015187    -0.00118885    0.999862
0.033053    -0.0300949    0.340958    -0.00661893    0.00405982    -0.00118873    0.999969
0.0434761    -0.0299028    0.339928    -0.0134084    0.00690797    -0.00118882    0.999885
0.0538774    -0.0297104    0.339554    -0.0149013    -0.0173211    -0.001189    0.999738
0.0642355    -0.0295073    0.340057    -0.010907    -0.0287725    -0.00118925    0.999525
0.0744556    -0.0292571    0.340632    -0.00837063    -0.0273956    -0.00118918    0.999588
0.0845689    -0.028955    0.341098    -0.0083984    -0.0221485    -0.00118903    0.999718
0.0947525    -0.0286056    0.341278    -0.0124467    -0.0148012    -0.00118891    0.999812
0.10503    -0.0282336    0.341306    -0.0181045    -0.0174497    -0.00118906    0.999682
0.115418    -0.0278984    0.341554    -0.0180396    -0.0230519    -0.0011892    0.99957
NEXT
0.116161    -0.0223326    0.341545    -0.0144348    -0.0254499    -0.0011892    0.99957
0.105413    -0.0224722    0.341213    -0.0181835    -0.0182545    -0.00118908    0.999666
0.0948831    -0.0226909    0.341183    -0.0213437    -0.0142655    -0.00118908    0.999669
0.0845285    -0.0229133    0.341053    -0.0197868    -0.0206034    -0.00118918    0.99959
0.0743133    -0.0231107    0.34067    -0.0126423    -0.0257756    -0.00118918    0.999586
0.0640389    -0.0233057    0.340124    -0.00756038    -0.0288903    -0.00118922    0.999552
0.0536645    -0.0235058    0.339592    -0.00658523    -0.0174041    -0.00118889    0.999826
0.0432613    -0.0237194    0.339993    -0.00832671    0.00854442    -0.00118877    0.999928
0.0328451    -0.0239437    0.341095    -0.0101814    0.00501618    -0.00118876    0.999935
0.0224307    -0.0241624    0.341449    -0.0094442    -0.0161797    -0.0011889    0.999823
0.0119971    -0.0243669    0.341224    -0.00800404    -0.0177338    -0.00118891    0.999809
0.00148926    -0.0245405    0.341173    -0.00780504    -0.0128139    -0.00118883    0.999886
-0.00908699    -0.0246954    0.341296    -0.0080339    -0.00966349    -0.00118878    0.99992
-0.0197185    -0.0248522    0.341544    -0.00767135    -0.00678065    -0.00118875    0.999947
-0.030357    -0.024998    0.341755    -0.00685824    -0.0113578    -0.0011888    0.999911
-0.0409539    -0.0251203    0.341773    -0.00606711    -0.0154678    -0.00118885    0.999861
-0.0514929    -0.0252392    0.3417    -0.00812212    -0.0160642    -0.00118888    0.999837
-0.0619656    -0.0253675    0.341599    -0.0144185    -0.0176997    -0.001189    0.999738
-0.0724166    -0.0255014    0.341356    -0.01829    -0.0222295    -0.00118918    0.999584
-0.0828622    -0.0256377    0.340969    -0.0173351    -0.0212212    -0.00118913    0.999623
-0.0932823    -0.0257576    0.340887    -0.0151698    -0.0110232    -0.0011889    0.999823
-0.103678    -0.0258633    0.341165    -0.0130312    -0.00690325    -0.00118881    0.99989
-0.114091    -0.0259979    0.341424    -0.0112224    -0.0088809    -0.00118881    0.999897
-0.124524    -0.0261601    0.341534    -0.0092663    -0.0158969    -0.00118889    0.99983
-0.134961    -0.0263174    0.341247    -0.00544866    -0.0259033    -0.0011891    0.999648
-0.145198    -0.0264745    0.34081    -0.0016761    -0.0189056    -0.0011889    0.999819
-0.154737    -0.0266505    0.340882    -0.00125955    -0.00455775    -0.0011887    0.999988
-0.165284    -0.0269887    0.341132    -0.0011873    -0.0125556    -0.00118878    0.99992
-0.179589    -0.0277158    0.340982    -0.00293688    -0.0190425    -0.00118891    0.999813
NEXT
-0.179979    -0.0219091    0.341251    0.00175347    -0.0164863    -0.00118886    0.999861
-0.165762    -0.0211353    0.341306    -0.00885824    -0.0120053    -0.00118882    0.999888
-0.155188    -0.0207335    0.341065    -0.00936915    -0.0058508    -0.00118876    0.999938
-0.145547    -0.0204936    0.340996    -0.00696083    -0.0180784    -0.00118891    0.999811
-0.135161    -0.0202834    0.341367    -0.00856116    -0.0240241    -0.00118908    0.999673
-0.124601    -0.0200895    0.341608    -0.00924717    -0.0154497    -0.00118888    0.999837
-0.114098    -0.0199078    0.341502    -0.00702533    -0.00893748    -0.00118877    0.999934
-0.103646    -0.0197528    0.34123    -0.00622943    -0.00609508    -0.00118873    0.999961
-0.0932344    -0.0196233    0.340905    -0.00799192    -0.00945672    -0.00118878    0.999922
-0.082818    -0.01949    0.340912    -0.0121066    -0.0190385    -0.00118899    0.999744
-0.0723916    -0.0193511    0.341223    -0.0172476    -0.0215317    -0.00118915    0.999618
-0.0619656    -0.0192182    0.341492    -0.0189494    -0.0197232    -0.00118913    0.999624
-0.0515213    -0.019093    0.341678    -0.0183365    -0.0174549    -0.00118907    0.999678
-0.0410114    -0.0189766    0.341766    -0.0191341    -0.0150858    -0.00118905    0.999702
-0.0304423    -0.018853    0.341731    -0.0198801    -0.0114874    -0.00118901    0.999735
-0.0198278    -0.0186966    0.341535    -0.0179556    -0.00770251    -0.00118892    0.999808
-0.00922026    -0.0185211    0.341318    -0.0150775    -0.0104136    -0.00118889    0.999831
0.00132828    -0.0183405    0.341219    -0.0132528    -0.0131703    -0.00118889    0.999824
0.0118123    -0.0181514    0.341237    -0.0155368    -0.0160129    -0.00118899    0.99975
0.0222307    -0.0179517    0.341349    -0.0233261    -0.0143464    -0.00118914    0.999623
0.0326365    -0.017739    0.341021    -0.0216978    0.00141185    -0.00118897    0.999762
0.0430504    -0.0175143    0.340144    -0.00558188    0.00372934    -0.00118872    0.999977
0.0534618    -0.0172987    0.339842    0.00230497    -0.0170397    -0.00118887    0.999851
0.0638586    -0.0171009    0.340273    -0.00432541    -0.0247732    -0.00118906    0.999682
0.074185    -0.0169385    0.340599    -0.0175201    -0.0191125    -0.00118909    0.999662
0.0844872    -0.0168047    0.340721    -0.0321137    -0.0165736    -0.00118947    0.999344
0.094973    -0.0166624    0.340797    -0.0353165    -0.0158704    -0.00118959    0.999247
0.105688    -0.0165467    0.340938    -0.0301103    -0.0207585    -0.00118949    0.999329
0.116696    -0.0165516    0.341378    -0.0268102    -0.0273171    -0.00118956    0.999265
NEXT
0.117038    -0.010673    0.340954    -0.0299439    -0.0281313    -0.0011897    0.999153
0.105863    -0.010595    0.340428    -0.0310759    -0.0232679    -0.00118959    0.999244
0.0950236    -0.0106754    0.340149    -0.0332627    -0.0176622    -0.00118954    0.999288
0.0844432    -0.010796    0.340163    -0.0291281    -0.0102594    -0.00118926    0.999521
0.0740698    -0.0109122    0.340441    -0.0163735    -0.00861286    -0.0011889    0.999828
0.0636915    -0.0110643    0.340491    -0.00343466    -0.0170464    -0.00118887    0.999848
0.0532612    -0.0112567    0.340275    0.00472615    -0.0166351    -0.00118887    0.999849
0.0428338    -0.0114511    0.340345    -0.00506322    -0.00778431    -0.00118874    0.999956
0.0324201    -0.0116403    0.340691    -0.0265488    -0.00683642    -0.00118914    0.999622
0.0220254    -0.0118211    0.340936    -0.0310167    -0.0101916    -0.00118933    0.999465
0.0116266    -0.0119979    0.341065    -0.0230215    -0.0120248    -0.00118909    0.999661
0.00116621    -0.0121819    0.341128    -0.0189917    -0.0134779    -0.00118901    0.999727
-0.00935602    -0.012368    0.34118    -0.0187913    -0.012114    -0.00118899    0.999749
-0.019936    -0.0125473    0.341307    -0.0208705    -0.0103973    -0.00118901    0.999727
-0.0305216    -0.0127096    0.341432    -0.0229412    -0.012186    -0.00118909    0.999661
-0.0410606    -0.0128452    0.341482    -0.0228765    -0.0140384    -0.00118911    0.999638
-0.0515444    -0.0129747    0.341439    -0.0214123    -0.0164877    -0.00118913    0.999633
-0.0619697    -0.013111    0.341296    -0.0189577    -0.0183146    -0.0011891    0.999651
-0.0723832    -0.0132512    0.341125    -0.014375    -0.0182118    -0.00118901    0.999729
-0.082803    -0.0133943    0.340978    -0.00769439    -0.0152782    -0.00118886    0.999853
-0.0932194    -0.0135406    0.341083    -0.00411891    -0.00772213    -0.00118873    0.999961
-0.103639    -0.0136931    0.341437    -0.0047584    -0.00634052    -0.00118872    0.999968
-0.114112    -0.013869    0.341659    -0.00795618    -0.0110816    -0.00118879    0.999906
-0.124656    -0.0140705    0.341669    -0.0122484    -0.0169898    -0.00118895    0.999779
-0.135303    -0.0142945    0.341409    -0.0130921    -0.0234272    -0.00118912    0.999638
-0.145805    -0.0145379    0.341055    -0.0126881    -0.0187698    -0.001189    0.999742
-0.155547    -0.0147938    0.341052    -0.0169653    -0.0093471    -0.00118891    0.999811
-0.166195    -0.0151712    0.341299    -0.017714    -0.00877616    -0.00118892    0.999803
-0.180451    -0.0158443    0.341602    -0.00331194    -0.00850872    -0.00118874    0.999957
NEXT
-0.18084    -0.00971895    0.341596    -0.022843    -0.00329547    -0.001189    0.999732
-0.166522    -0.00915106    0.341049    -0.028318    -0.00736148    -0.0011892    0.99957
-0.155807    -0.00881141    0.340861    -0.0238788    -0.0138773    -0.00118914    0.999617
-0.145997    -0.0085555    0.340965    -0.0191429    -0.0198727    -0.00118915    0.999618
-0.135426    -0.00829375    0.341304    -0.0199643    -0.0227969    -0.00118923    0.999539
-0.124728    -0.00805219    0.341573    -0.0202828    -0.0183453    -0.00118914    0.999624
-0.114161    -0.00784069    0.341649    -0.0175236    -0.0136968    -0.00118898    0.999751
-0.103672    -0.00765075    0.34153    -0.012312    -0.00890559    -0.00118882    0.999884
-0.0932407    -0.0074789    0.341261    -0.00589127    -0.00860662    -0.00118876    0.999945
-0.0828161    -0.00731786    0.341127    -0.0047622    -0.0129317    -0.0011888    0.999904
-0.0723926    -0.0071646    0.341147    -0.00848399    -0.0153668    -0.00118887    0.999845
-0.0619813    -0.00701225    0.341227    -0.0113386    -0.0166143    -0.00118893    0.999796
-0.0515655    -0.00686172    0.341326    -0.0124462    -0.0158494    -0.00118893    0.999796
-0.0411023    -0.00671682    0.341369    -0.0109972    -0.0143973    -0.00118888    0.999835
-0.0305929    -0.00656904    0.341339    -0.0094141    -0.0122145    -0.00118883    0.99988
-0.0200423    -0.00640456    0.341213    -0.011564    -0.01    -0.00118883    0.999882
-0.0094962    -0.0062296    0.341046    -0.0169958    -0.0103497    -0.00118892    0.999801
0.000999569    -0.00605065    0.34089    -0.0252189    -0.0106295    -0.00118913    0.999624
0.0114412    -0.00587715    0.340719    -0.030066    -0.00993469    -0.00118929    0.999496
0.0218288    -0.00571468    0.340523    -0.0276863    -0.0102158    -0.00118921    0.999563
0.0322215    -0.00555599    0.340427    -0.020075    -0.0137442    -0.00118904    0.999703
0.0426432    -0.00539722    0.340474    -0.00907076    -0.0161346    -0.00118889    0.999828
0.0530924    -0.00522898    0.340577    -0.00424726    -0.0168114    -0.00118887    0.999849
0.063559    -0.00505593    0.340668    -0.00642561    -0.0134682    -0.00118882    0.999888
0.0739836    -0.00492098    0.340488    -0.00457963    -0.00588546    -0.00118872    0.999971
0.0844127    -0.00482259    0.340112    0.000240788    -0.00768764    -0.00118872    0.99997
0.0950585    -0.00472811    0.34    -0.00385284    -0.0149648    -0.00118883    0.99988
0.105974    -0.00468173    0.340192    -0.0137748    -0.0218398    -0.00118908    0.999665
0.117237    -0.00479902    0.340686    -0.0184747    -0.0280817    -0.00118936    0.999433
NEXT
0.117307    0.00105856    0.340694    -0.00479228    -0.0268991    -0.00118913    0.999625
0.106027    0.00119223    0.340348    0.000809581    -0.0166818    -0.00118886    0.999859
0.0950797    0.0011927    0.340455    0.00932043    -0.00884053    -0.00118879    0.999916
0.0843951    0.00114105    0.340648    0.00996937    -0.0101826    -0.00118881    0.999897
0.0739258    0.00106904    0.340773    -5.85626e-05    -0.0121571    -0.00118878    0.999925
0.0634623    0.000961902    0.340792    -0.00670331    -0.0150005    -0.00118885    0.999864
0.0529599    0.000820964    0.340699    -0.00728384    -0.0172148    -0.00118889    0.999824
0.0424843    0.000677733    0.340531    -0.00821471    -0.0188792    -0.00118894    0.999787
0.032046    0.000534714    0.340332    -0.0109289    -0.0177585    -0.00118895    0.999781
0.0216446    0.00038158    0.340239    -0.016555    -0.0149795    -0.00118898    0.999749
0.0112573    0.000220313    0.340293    -0.0223158    -0.0103784    -0.00118905    0.999696
0.000829086    5.81786e-05    0.340565    -0.0210942    -0.00510295    -0.00118897    0.999763
-0.00964019    -0.00010517    0.340956    -0.0154078    -0.00537917    -0.00118884    0.999866
-0.0201468    -0.000270807    0.3413    -0.0101492    -0.00645748    -0.00118878    0.999927
-0.0306574    -0.000434529    0.341512    -0.00650415    -0.0115707    -0.00118879    0.999911
-0.0411387    -0.000592215    0.341507    -0.00568126    -0.0161303    -0.00118886    0.999853
-0.0515868    -0.000751142    0.341415    -0.0064846    -0.0163161    -0.00118887    0.999845
-0.062001    -0.000915748    0.341318    -0.00801848    -0.0159538    -0.00118888    0.999839
-0.0724189    -0.00108303    0.341282    -0.00773964    -0.0138811    -0.00118884    0.999873
-0.0828545    -0.0012523    0.341326    -0.0052054    -0.0123897    -0.0011888    0.999909
-0.0932953    -0.00142928    0.341402    -0.00689438    -0.0119875    -0.0011888    0.999903
-0.103745    -0.00161547    0.341479    -0.0134052    -0.0131862    -0.0011889    0.999822
-0.114248    -0.00181077    0.341465    -0.0178286    -0.0158437    -0.00118903    0.999714
-0.124826    -0.00202081    0.341339    -0.0191356    -0.0186638    -0.00118911    0.999641
-0.135539    -0.00226685    0.341088    -0.0177992    -0.0215065    -0.00118915    0.999609
-0.146134    -0.00253461    0.340778    -0.0161109    -0.0206592    -0.0011891    0.999655
-0.155975    -0.00278417    0.340567    -0.0193589    -0.0184347    -0.00118911    0.999641
-0.166733    -0.00309295    0.34063    -0.0238662    -0.0078882    -0.00118907    0.999682
-0.181108    -0.00358714    0.341233    -0.0229024    -0.00104235    -0.001189    0.999736
NEXT
-0.181283    0.00254097    0.341218    -0.00375902    0.000705672    -0.0011887    0.999992
-0.166874    0.00298327    0.340588    -0.00462039    -0.0076598    -0.00118873    0.999959
-0.156098    0.00326918    0.340587    -0.00354442    -0.0202877    -0.00118894    0.999787
-0.146248    0.00351227    0.340834    -0.00373817    -0.0200373    -0.00118893    0.999791
-0.13565    0.00378159    0.341088    -0.00669383    -0.0195847    -0.00118894    0.999784
-0.124933    0.00402621    0.341297    -0.0088775    -0.0181535    -0.00118893    0.999795
-0.114347    0.00422844    0.341439    -0.00893387    -0.0166565    -0.0011889    0.99982
-0.10383    0.00442109    0.341518    -0.00809483    -0.015166    -0.00118886    0.999851
-0.0933608    0.00461247    0.34153    -0.00717346    -0.0132832    -0.00118882    0.999885
-0.0829025    0.00479997    0.341453    -0.0090491    -0.0110697    -0.00118882    0.999897
-0.0724533    0.00498332    0.34134    -0.0121537    -0.0133535    -0.00118888    0.999836
-0.062029    0.00516319    0.341411    -0.00898741    -0.0182356    -0.00118893    0.999792
-0.0516171    0.00533903    0.341593    -0.00351455    -0.0169966    -0.00118886    0.999848
-0.0411831    0.00550936    0.341654    -0.00697168    -0.0138908    -0.00118884    0.999878
-0.0307272    0.00567559    0.341561    -0.0142835    -0.00966079    -0.00118887    0.99985
-0.0202525    0.00583999    0.341279    -0.0165877    -0.0052    -0.00118887    0.999848
-0.00978113    0.00599975    0.340905    -0.0138359    -0.00526128    -0.00118882    0.999889
0.000664639    0.00615212    0.340538    -0.00626673    -0.0059935    -0.00118873    0.999962
0.011082    0.00630503    0.340328    0.000354794    -0.0118878    -0.00118877    0.999928
0.0214716    0.00646282    0.340363    0.0022063    -0.0167054    -0.00118886    0.999857
0.0318842    0.00661088    0.340508    0.00093763    -0.0180532    -0.00118888    0.999835
0.0423407    0.00674408    0.3407    -0.00236869    -0.0183831    -0.00118889    0.999827
0.0528415    0.00687135    0.340855    -0.0044282    -0.0169809    -0.00118888    0.999845
0.0633748    0.00699169    0.340955    -0.00440194    -0.0161026    -0.00118885    0.99986
0.0738681    0.00708499    0.341035    -0.00291215    -0.0157528    -0.00118884    0.999871
0.0843629    0.00714548    0.341068    0.000208266    -0.0130272    -0.00118879    0.999914
0.0950601    0.00716402    0.340936    0.00611696    -0.00904919    -0.00118876    0.999939
0.106004    0.00712493    0.340796    0.0120209    -0.0154212    -0.00118891    0.999807
0.117254    0.00699199    0.341055    0.0104727    -0.0246893    -0.00118912    0.999638
NEXT
0.1171    0.0130223    0.341585    -0.000587623    -0.0214964    -0.00118896    0.999767
0.105915    0.0131366    0.341345    0.000472653    -0.017622    -0.00118887    0.999843
0.0950056    0.0131945    0.341277    -0.00597813    -0.0146281    -0.00118884    0.999874
0.0843165    0.0131899    0.341248    -0.0103011    -0.0149645    -0.00118889    0.999834
0.0738081    0.0131236    0.341202    -0.00914623    -0.0155057    -0.00118889    0.999837
0.0632924    0.0130288    0.341124    -0.00872463    -0.0163655    -0.00118889    0.999827
0.0527327    0.0129161    0.341016    -0.00998741    -0.016595    -0.00118892    0.999811
0.0422086    0.012796    0.340919    -0.00862097    -0.0161504    -0.00118889    0.999831
0.0317339    0.0126686    0.340842    -0.0043561    -0.0155237    -0.00118884    0.999869
0.02131    0.0125268    0.340793    0.00111808    -0.0147782    -0.00118882    0.999889
0.0109175    0.0123755    0.340778    0.00507311    -0.013594    -0.00118881    0.999894
0.000508911    0.0122288    0.340815    0.0013213    -0.0123736    -0.00118878    0.999922
-0.009917    0.0120812    0.340932    -0.00699366    -0.0098246    -0.00118878    0.999926
-0.0203587    0.0119232    0.341167    -0.0142983    -0.00708745    -0.00118884    0.999872
-0.0308029    0.0117566    0.341463    -0.0164533    -0.00704867    -0.00118888    0.999839
-0.0412361    0.0115836    0.341759    -0.00963978    -0.00807545    -0.00118878    0.99992
-0.0516566    0.011405    0.341807    -0.00536341    -0.0176779    -0.00118889    0.999828
-0.0620649    0.0112211    0.341476    -0.0104868    -0.0226926    -0.00118906    0.999686
-0.0724949    0.0110321    0.341312    -0.0137844    -0.0133888    -0.0011889    0.999814
-0.0829585    0.0108385    0.341499    -0.0112971    -0.00905097    -0.00118881    0.999894
-0.0934342    0.010646    0.341625    -0.0110949    -0.0131201    -0.00118886    0.999851
-0.103922    0.0104563    0.341596    -0.0144266    -0.0156702    -0.00118896    0.999772
-0.114453    0.0102714    0.341513    -0.015241    -0.0165855    -0.00118899    0.999745
-0.125048    0.0100805    0.341396    -0.0127528    -0.0170528    -0.00118896    0.999772
-0.135763    0.00984314    0.341265    -0.0078412    -0.0172057    -0.0011889    0.99982
-0.14635    0.00957846    0.341108    -0.00222716    -0.0183259    -0.00118889    0.999828
-0.156193    0.00934327    0.340897    9.17599e-05    -0.0201036    -0.00118893    0.999797
-0.166967    0.00907492    0.340893    -0.00117648    -0.00778994    -0.00118873    0.999968
-0.181387    0.00866959    0.341509    -0.00562705    0.000353682    -0.0011887    0.999983
NEXT
-0.181487    0.0148209    0.341502    -0.0200034    -0.00444785    -0.00118894    0.999789
-0.167062    0.0151843    0.341095    -0.00709151    -0.0105787    -0.00118879    0.999918
-0.156294    0.0154297    0.341155    -0.0034715    -0.0197441    -0.00118892    0.999798
-0.146462    0.0156466    0.341292    -0.00720592    -0.0153159    -0.00118885    0.999856
-0.135888    0.0158889    0.34127    -0.0164016    -0.0128452    -0.00118894    0.999782
-0.125175    0.0161094    0.341236    -0.0252076    -0.0141272    -0.00118919    0.999581
-0.114568    0.0162923    0.341256    -0.0307217    -0.0160084    -0.00118941    0.999398
-0.104022    0.0164752    0.341385    -0.027724    -0.0189136    -0.00118936    0.999435
-0.0935183    0.0166673    0.341581    -0.0171654    -0.016359    -0.00118902    0.999717
-0.0830256    0.0168633    0.34151    -0.0125668    -0.0085581    -0.00118883    0.999883
-0.0725456    0.017061    0.341278    -0.013737    -0.0132756    -0.0011889    0.999816
-0.0621073    0.0172547    0.341497    -0.0123269    -0.025474    -0.00118917    0.999598
-0.0517002    0.0174436    0.341917    -0.0101562    -0.0179281    -0.00118894    0.999786
-0.0412912    0.0176266    0.341784    -0.0131236    -0.00388057    -0.0011888    0.999905
-0.0308784    0.0178026    0.341381    -0.0151759    -0.0072311    -0.00118886    0.999858
-0.0204611    0.0179701    0.341213    -0.00664154    -0.0128992    -0.00118881    0.999894
-0.0100446    0.0181279    0.341183    0.00298768    -0.0135368    -0.0011888    0.999903
0.000365793    0.0182747    0.341183    0.0043496    -0.013864    -0.00118881    0.999893
0.0107674    0.0184196    0.341126    -0.00110593    -0.0111861    -0.00118876    0.999936
0.0211608    0.0185679    0.340961    -0.0120062    -0.00996754    -0.00118883    0.999877
0.0315933    0.0187064    0.340846    -0.0200462    -0.0128349    -0.00118902    0.999715
0.0420841    0.0188304    0.340845    -0.0221666    -0.0154193    -0.00118913    0.999634
0.0526302    0.0189459    0.340943    -0.0206227    -0.0176668    -0.00118913    0.99963
0.0632163    0.0190544    0.34111    -0.0170405    -0.0172773    -0.00118904    0.999704
0.0737539    0.0191557    0.341179    -0.0174333    -0.0143    -0.00118899    0.999744
0.084275    0.0192398    0.341164    -0.0213182    -0.0144551    -0.00118909    0.999667
0.094955    0.0192681    0.341219    -0.0233729    -0.016395    -0.00118917    0.999591
0.105824    0.0192415    0.341353    -0.024221    -0.0178035    -0.00118923    0.999546
0.116916    0.0191708    0.341548    -0.0265301    -0.0189895    -0.00118932    0.999466
NEXT
0.130073    0.0253239    0.341502    -0.0181421    -0.0220647    -0.00118918    0.99959
0.116706    0.0253998    0.341187    -0.0184479    -0.0174743    -0.00118907    0.999676
0.105731    0.0254099    0.341053    -0.0167876    -0.0168406    -0.00118902    0.999716
0.0949063    0.0253718    0.340952    -0.0173023    -0.0156045    -0.00118901    0.999727
0.0842347    0.0252957    0.340955    -0.016752    -0.0125543    -0.00118895    0.99978
0.0737018    0.0251885    0.341061    -0.0141651    -0.012741    -0.00118891    0.999817
0.0631439    0.0250779    0.340999    -0.0139976    -0.018463    -0.00118901    0.99973
0.0525336    0.02497    0.340746    -0.016639    -0.0192746    -0.00118907    0.999674
0.0419677    0.0248552    0.340617    -0.0166019    -0.0151415    -0.00118899    0.999746
0.0314634    0.024731    0.34067    -0.0138357    -0.0103696    -0.00118887    0.999849
0.021024    0.0245926    0.340934    -0.0118401    -0.00521155    -0.00118879    0.999915
0.0106302    0.0244444    0.3413    -0.0100488    -0.00717904    -0.00118877    0.999923
0.000233372    0.0242977    0.341495    -0.00677969    -0.0115146    -0.0011888    0.99991
-0.0101654    0.0241486    0.341507    -0.00531508    -0.0159385    -0.00118885    0.999858
-0.0205612    0.0239901    0.341334    -0.010933    -0.0204848    -0.00118901    0.999729
-0.030956    0.0238227    0.341302    -0.0170242    -0.00934884    -0.00118891    0.99981
-0.0413518    0.0236466    0.341728    -0.0164014    -0.00149359    -0.00118885    0.999863
-0.0517517    0.0234628    0.341929    -0.012975    -0.0171422    -0.00118896    0.999768
-0.0621589    0.0232721    0.341513    -0.00973493    -0.02574    -0.00118914    0.99962
-0.0726052    0.0230781    0.341284    -0.00941429    -0.0133568    -0.00118885    0.999865
-0.0831002    0.0228824    0.341501    -0.0127206    -0.0100298    -0.00118884    0.999868
-0.0936077    0.0226831    0.341432    -0.0186006    -0.0215744    -0.00118917    0.999593
-0.104124    0.0224816    0.340986    -0.0261528    -0.023356    -0.00118942    0.999383
-0.114687    0.0222901    0.340776    -0.0295994    -0.0153485    -0.00118935    0.999442
-0.125309    0.0221058    0.340866    -0.0279011    -0.0104258    -0.00118922    0.999554
-0.136022    0.0219095    0.3411    -0.0216841    -0.00732484    -0.001189    0.999737
-0.146584    0.021708    0.341343    -0.0136742    -0.0116018    -0.00118888    0.999838
-0.156403    0.0215217    0.341293    -0.0105079    -0.0194322    -0.00118898    0.999755
-0.167162    0.0213062    0.341144    -0.013927    -0.0149145    -0.00118893    0.999791
-0.181585    0.02099    0.34122    -0.0255354    -0.0114705    -0.00118916    0.999606
NEXT
-0.181678    0.0271593    0.340861    -0.0281903    -0.0162664    -0.00118932    0.999468
-0.167264    0.0274277    0.341016    -0.0211001    -0.018027    -0.00118915    0.999613
-0.156517    0.027604    0.341236    -0.0187272    -0.0194577    -0.00118912    0.999634
-0.14671    0.0277453    0.341228    -0.0206567    -0.00901561    -0.00118899    0.999745
-0.136156    0.0278888    0.340832    -0.0258501    -0.00372599    -0.0011891    0.999657
-0.125439    0.0280604    0.340505    -0.0272465    -0.00974932    -0.00118919    0.999579
-0.114798    0.0282685    0.340443    -0.0228432    -0.0167031    -0.00118917    0.999598
-0.104218    0.0284886    0.340728    -0.0196743    -0.0253516    -0.00118931    0.999483
-0.0936886    0.028711    0.341279    -0.0185409    -0.0245446    -0.00118925    0.999525
-0.0831726    0.0289158    0.341495    -0.0124811    -0.0140635    -0.0011889    0.999822
-0.0726731    0.0291043    0.341424    -0.00367259    -0.0148207    -0.00118883    0.999882
-0.0622258    0.0292937    0.341622    -0.00570339    -0.0226071    -0.00118901    0.999727
-0.0518213    0.029483    0.341887    -0.0151549    -0.014183    -0.00118894    0.999783
-0.0414277    0.0296655    0.341595    -0.019602    -0.000190166    -0.00118892    0.999807
-0.0310425    0.0298407    0.341155    -0.019939    -0.0101401    -0.00118899    0.999748
-0.0206643    0.0300079    0.341264    -0.0193057    -0.0235495    -0.00118925    0.999534
-0.0102844    0.0301677    0.341501    -0.0198107    -0.0163142    -0.00118908    0.999669
0.000106059    0.0303205    0.34144    -0.0226285    -0.00991745    -0.00118905    0.999693
0.0105011    0.0304699    0.341241    -0.019759    -0.0089845    -0.00118897    0.999763
0.0208991    0.0306176    0.341008    -0.00705035    -0.00844484    -0.00118876    0.999939
0.0313465    0.0307585    0.3408    -0.000294623    -0.00959075    -0.00118874    0.999953
0.0418618    0.0308906    0.340657    -0.00472183    -0.0128653    -0.0011888    0.999905
0.0524417    0.0310128    0.340747    -0.00784609    -0.0194029    -0.00118895    0.99978
0.0630685    0.0311272    0.341039    -0.0072216    -0.0191033    -0.00118894    0.99979
0.0736409    0.031246    0.341103    -0.00708934    -0.0120036    -0.0011888    0.999902
0.0841826    0.0313673    0.340966    -0.00702244    -0.0124111    -0.00118881    0.999897
0.0948459    0.0314769    0.341    -0.00342396    -0.0172251    -0.00118887    0.999845
0.105622    0.0315651    0.341165    0.00130949    -0.0172647    -0.00118887    0.999849
0.116456    0.0316122    0.341273    0.000865729    -0.0158034    -0.00118883    0.999874
0.129516    0.0316167    0.341561    -0.000330222    -0.0231031    -0.00118901    0.999732
NEXT
0.128867    0.0378842    0.341856    -0.00113829    -0.0245013    -0.00118905    0.999698
0.116172    0.0378065    0.341558    -0.0056651    -0.0151467    -0.00118885    0.999868
0.105502    0.0377133    0.341442    -0.00660241    -0.0183948    -0.00118891    0.999808
0.0947757    0.0375924    0.341199    -0.00714493    -0.0192678    -0.00118894    0.999788
0.0841193    0.0374625    0.341108    -0.00726829    -0.0130213    -0.00118882    0.999888
0.0735706    0.0373315    0.341245    -0.00688562    -0.0118097    -0.0011888    0.999906
0.0629888    0.0372019    0.341184    -0.0061573    -0.0191227    -0.00118893    0.999797
0.0523532    0.0370728    0.340895    -0.00526723    -0.0186686    -0.00118892    0.999811
0.0417649    0.0369355    0.340871    -0.00376434    -0.0104404    -0.00118876    0.999938
0.0312416    0.0367901    0.341087    -0.00275168    -0.0103339    -0.00118876    0.999942
0.0207861    0.0366422    0.341137    -0.00761464    -0.0152722    -0.00118886    0.999853
0.0103817    0.036492    0.341088    -0.016018    -0.0136145    -0.00118895    0.999778
-1.3937e-05    0.036338    0.341195    -0.0203328    -0.00966736    -0.00118899    0.999745
-0.0103988    0.03618    0.341297    -0.0200078    -0.0150451    -0.00118906    0.999685
-0.0207669    0.0360182    0.341123    -0.0152232    -0.021716    -0.00118911    0.999647
-0.0311331    0.0358514    0.341062    -0.0111864    -0.00950057    -0.00118882    0.999891
-0.0415126    0.0356784    0.341497    -0.0123543    -0.000287699    -0.00118878    0.999923
-0.0519032    0.0355002    0.341847    -0.0122792    -0.0110852    -0.00118885    0.999862
-0.0623049    0.0353177    0.341764    -0.00777506    -0.0187129    -0.00118893    0.999793
-0.0727496    0.0351384    0.341601    -0.00747269    -0.0171441    -0.0011889    0.999824
-0.0832473    0.0349622    0.341481    -0.0134857    -0.0184258    -0.00118899    0.999738
-0.0937668    0.0347549    0.34118    -0.0134855    -0.0241459    -0.00118914    0.999616
-0.104306    0.0345117    0.340702    -0.00599227    -0.0235543    -0.00118904    0.999703
-0.114902    0.0342587    0.340433    -0.000837802    -0.0169548    -0.00118886    0.999855
-0.12556    0.03402    0.340445    0.000617138    -0.00994069    -0.00118874    0.99995
-0.136282    0.0338696    0.340772    -0.000746559    -0.00271958    -0.0011887    0.999995
-0.146831    0.0337844    0.3412    -0.00361909    -0.00847545    -0.00118874    0.999957
-0.15663    0.0336902    0.341201    -0.00601611    -0.0200266    -0.00118895    0.99978
-0.167368    0.0335538    0.340916    -0.00915897    -0.0199521    -0.00118897    0.999758
-0.181778    0.0333274    0.340613    -0.0144475    -0.0189372    -0.00118902    0.999715
NEXT
-0.181905    0.0394926    0.340757    0.00165793    -0.0205526    -0.00118894    0.999786
-0.167475    0.0396934    0.341171    0.00540679    -0.0217249    -0.00118899    0.999748
-0.15673    0.0398031    0.341544    0.00949416    -0.0221943    -0.00118904    0.999707
-0.146934    0.039868    0.341662    0.0164592    -0.0120863    -0.00118894    0.99979
-0.13639    0.0399217    0.341408    0.0275138    -0.00613373    -0.00118916    0.9996
-0.125668    0.0400595    0.341137    0.0309452    -0.00855835    -0.00118931    0.999481
-0.115    0.0403108    0.340999    0.0224829    -0.0118627    -0.00118907    0.999675
-0.104397    0.0405747    0.34103    0.00840848    -0.0164443    -0.00118889    0.999828
-0.0938526    0.0408197    0.341219    -0.00781238    -0.0190969    -0.00118895    0.999786
-0.0833318    0.0410181    0.341437    -0.0146999    -0.0194442    -0.00118904    0.999701
-0.0728354    0.0411768    0.341655    -0.0126352    -0.0189319    -0.001189    0.99974
-0.0623904    0.0413392    0.341837    -0.0106833    -0.0180021    -0.00118895    0.99978
-0.0519872    0.0415072    0.341893    -0.0086233    -0.011385    -0.00118881    0.999897
-0.0415962    0.0416761    0.341606    -0.00354005    -0.00282902    -0.00118871    0.999989
-0.0312196    0.0418445    0.341217    -0.000730602    -0.00803207    -0.00118873    0.999967
-0.020863    0.0420108    0.341122    -0.00937634    -0.0154148    -0.00118888    0.999836
-0.0105046    0.0421757    0.341135    -0.0181502    -0.013467    -0.00118899    0.999743
-0.000122697    0.04234    0.341064    -0.0153769    -0.0121307    -0.00118892    0.999807
0.0102749    0.042503    0.341067    -0.0103902    -0.016278    -0.00118891    0.999812
0.020685    0.0426645    0.341233    -0.00904778    -0.0178609    -0.00118893    0.999798
0.0311465    0.0428257    0.341262    -0.007489    -0.0116465    -0.00118881    0.999903
0.0416748    0.0429871    0.341073    -0.00431761    -0.01057    -0.00118876    0.999934
0.0522661    0.0431454    0.341086    -0.00357568    -0.0179611    -0.00118889    0.999831
0.0629032    0.0432995    0.341336    -0.00591657    -0.0182495    -0.00118891    0.999815
0.0734906    0.0434484    0.34137    -0.00765531    -0.0113759    -0.0011888    0.999905
0.0840464    0.0435927    0.341213    -0.00893401    -0.0121975    -0.00118883    0.999885
0.0946995    0.0437346    0.341248    -0.0133772    -0.017629    -0.00118898    0.999754
0.105375    0.0438698    0.341437    -0.0182546    -0.0183726    -0.00118908    0.999663
0.115859    0.0439872    0.341595    -0.0158143    -0.0174571    -0.00118902    0.999721
0.128132    0.0441135    0.34206    -0.00422165    -0.0291319    -0.00118921    0.999565
NEXT
0.12736    0.0503104    0.342086    -0.0139325    -0.0348785    -0.00118953    0.999292
0.115533    0.0501526    0.341446    -0.0205085    -0.0195821    -0.00118917    0.999596
0.105243    0.050021    0.341274    -0.0195603    -0.01722    -0.00118909    0.999659
0.0946153    0.0498777    0.341195    -0.0156177    -0.0146921    -0.00118896    0.999769
0.0839616    0.0497257    0.341241    -0.0134825    -0.0113791    -0.00118887    0.999843
0.0733973    0.0495662    0.341402    -0.014495    -0.0113357    -0.00118889    0.99983
0.0628083    0.049396    0.341407    -0.012861    -0.0166691    -0.00118895    0.999777
0.0521783    0.0492163    0.341241    -0.00822786    -0.0166694    -0.00118889    0.999826
0.0415912    0.0490377    0.341239    -0.00672173    -0.0114468    -0.0011888    0.999911
0.0310624    0.0488615    0.341374    -0.00802921    -0.0126148    -0.00118883    0.999887
0.0205977    0.0486858    0.341328    -0.00763068    -0.0176337    -0.00118891    0.999814
0.0101827    0.0485111    0.34116    -0.00646343    -0.0170521    -0.00118888    0.999833
-0.000218335    0.0483388    0.341085    -0.0075828    -0.0146287    -0.00118885    0.999863
-0.010601    0.0481689    0.341104    -0.00915026    -0.0125443    -0.00118884    0.999878
-0.0209559    0.0480014    0.34121    -0.00804913    -0.0104542    -0.00118879    0.999912
-0.031309    0.0478362    0.341414    -0.00768289    -0.00776823    -0.00118875    0.999939
-0.0416864    0.0476732    0.341726    -0.0113975    -0.00632684    -0.00118878    0.999914
-0.0520801    0.0475146    0.34191    -0.0146667    -0.0130554    -0.00118892    0.999806
-0.0624861    0.0473616    0.341823    -0.0150456    -0.0185243    -0.00118902    0.999714
-0.0729318    0.0472157    0.341602    -0.0162522    -0.0203743    -0.0011891    0.999659
-0.0834259    0.047073    0.341324    -0.0191332    -0.0195288    -0.00118913    0.999625
-0.0939452    0.0468899    0.341214    -0.0171565    -0.0141168    -0.00118898    0.999752
-0.104489    0.0466593    0.341313    -0.00987722    -0.0103097    -0.00118881    0.999897
-0.115093    0.04641    0.341512    -0.00544394    -0.00830534    -0.00118875    0.99995
-0.125759    0.0461731    0.341764    -0.00494706    -0.00862356    -0.00118874    0.99995
-0.136479    0.0460474    0.34196    -0.00756519    -0.0102864    -0.00118879    0.999918
-0.147021    0.0460037    0.342035    -0.0108302    -0.015364    -0.0011889    0.999822
-0.156822    0.045947    0.341851    -0.00896432    -0.0224524    -0.00118904    0.999706
-0.167586    0.0458428    0.341475    -0.00518109    -0.0222934    -0.001189    0.999737
-0.182059    0.0456429    0.341018    -0.00475716    -0.0215716    -0.00118898    0.999755
NEXT
-0.182237    0.0517662    0.341119    -0.0115003    -0.0217391    -0.00118905    0.999696
-0.167704    0.0519975    0.341517    -0.0154897    -0.019969    -0.00118907    0.999679
-0.15691    0.0521255    0.341708    -0.0252142    -0.0167852    -0.00118924    0.999539
-0.147094    0.0521975    0.341743    -0.03326    -0.0135708    -0.00118945    0.999352
-0.136548    0.0522471    0.341657    -0.0352253    -0.0113096    -0.00118951    0.999313
-0.125832    0.0523527    0.341517    -0.0327141    -0.0108251    -0.0011894    0.999404
-0.115176    0.0525403    0.341351    -0.0268082    -0.010195    -0.00118918    0.999587
-0.104582    0.0527467    0.34116    -0.0231889    -0.00954407    -0.00118907    0.999684
-0.0940434    0.0529499    0.340991    -0.0226992    -0.0131509    -0.0011891    0.999654
-0.0835294    0.0531166    0.341108    -0.0208455    -0.0209648    -0.00118921    0.999561
-0.07304    0.0532509    0.341464    -0.0180736    -0.0217157    -0.00118916    0.999599
-0.062596    0.0533886    0.341705    -0.0181102    -0.0182258    -0.00118908    0.999668
-0.0521887    0.0535331    0.341784    -0.0194838    -0.0136825    -0.00118902    0.999715
-0.0417913    0.0536846    0.34166    -0.0178299    -0.008739    -0.00118892    0.999802
-0.0314084    0.0538425    0.341447    -0.0133532    -0.0101272    -0.00118885    0.999858
-0.0210491    0.0540058    0.341331    -0.00700913    -0.0124049    -0.00118881    0.999897
-0.0106877    0.054174    0.341287    -0.00203885    -0.0134386    -0.0011888    0.999907
-0.000299016    0.0543466    0.341289    -0.00156616    -0.0145792    -0.00118882    0.999891
0.0101071    0.0545245    0.341346    -0.00360925    -0.0160501    -0.00118885    0.999864
0.0205258    0.0547078    0.341457    -0.00683683    -0.0162345    -0.00118887    0.999844
0.0309904    0.0548931    0.341471    -0.00892644    -0.0125012    -0.00118883    0.999881
0.0415137    0.0550794    0.341346    -0.00930593    -0.0112032    -0.00118881    0.999893
0.0520879    0.0552714    0.341284    -0.0126123    -0.0139946    -0.0011889    0.999821
0.0627004    0.0554678    0.34131    -0.0188423    -0.0143563    -0.00118902    0.999718
0.073287    0.0556542    0.341269    -0.0201971    -0.0121432    -0.00118902    0.999721
0.0838624    0.055829    0.34116    -0.0172075    -0.0119504    -0.00118894    0.999779
0.0945214    0.0559954    0.341089    -0.0169854    -0.0130538    -0.00118896    0.999769
0.105107    0.0561533    0.341081    -0.0195972    -0.0153135    -0.00118906    0.999689
0.115213    0.0563014    0.341181    -0.0234828    -0.0181929    -0.00118922    0.999557
0.126603    0.0564811    0.341857    -0.0220556    -0.0389135    -0.00118988    0.998996
NEXT
0.125988    0.0626285    0.341611    -0.0176332    -0.0385684    -0.00118976    0.999097
0.114951    0.0624352    0.341034    -0.0129844    -0.0151411    -0.00118892    0.9998
0.104988    0.0622678    0.341015    -0.0105196    -0.0140523    -0.00118888    0.999845
0.0944263    0.0620868    0.341035    -0.0121512    -0.0133451    -0.00118888    0.999836
0.0837538    0.0618998    0.34107    -0.0149891    -0.0132767    -0.00118893    0.999798
0.0731638    0.0617095    0.34111    -0.0175993    -0.0130659    -0.00118898    0.999758
0.0625816    0.061512    0.341169    -0.0175451    -0.0125759    -0.00118897    0.999766
0.0519939    0.0613082    0.341252    -0.0147799    -0.0117417    -0.0011889    0.999821
0.0414392    0.0611099    0.341376    -0.0129961    -0.0106312    -0.00118886    0.999858
0.0309267    0.0609179    0.341514    -0.0122178    -0.0119305    -0.00118887    0.999853
0.0204666    0.0607276    0.341547    -0.0103245    -0.0146699    -0.00118888    0.999838
0.0100468    0.0605402    0.341503    -0.00802322    -0.0149183    -0.00118886    0.999855
-0.000364725    0.0603602    0.341478    -0.00745123    -0.0143648    -0.00118884    0.999868
-0.0107638    0.0601867    0.341463    -0.00802369    -0.014499    -0.00118885    0.999862
-0.0211413    0.0600185    0.341439    -0.00867871    -0.0147305    -0.00118886    0.999853
-0.0315166    0.0598565    0.341458    -0.0104975    -0.0124748    -0.00118885    0.999866
-0.0419093    0.059702    0.341571    -0.0144202    -0.0108463    -0.00118888    0.999836
-0.0523111    0.0595544    0.341657    -0.0158105    -0.0133171    -0.00118895    0.999785
-0.0627182    0.0594133    0.341638    -0.0120766    -0.0162619    -0.00118894    0.999794
-0.0731583    0.0592787    0.341451    -0.00735829    -0.0208095    -0.00118897    0.999755
-0.0836408    0.0591484    0.341108    -0.00358323    -0.0206609    -0.00118895    0.999779
-0.0941459    0.058997    0.340993    -0.00181152    -0.0127557    -0.00118879    0.999916
-0.104673    0.0588235    0.341157    -0.00185688    -0.00976144    -0.00118874    0.99995
-0.115251    0.058662    0.341295    -0.00242222    -0.0116244    -0.00118878    0.999929
-0.125888    0.0585242    0.341359    -0.00458748    -0.0132247    -0.0011888    0.999901
-0.136599    0.058433    0.341364    -0.0129087    -0.014671    -0.00118891    0.999808
-0.147153    0.0583682    0.341344    -0.0236259    -0.0140747    -0.00118914    0.99962
-0.156986    0.058275    0.341378    -0.0262686    -0.0126064    -0.0011892    0.999574
-0.167814    0.058122    0.341342    -0.023378    -0.017678    -0.0011892    0.999569
-0.182409    0.0578631    0.341031    -0.0200062    -0.021061    -0.00118919    0.999576
NEXT
-0.182559    0.063937    0.340767    -0.0185353    -0.0191578    -0.00118911    0.999643
-0.167907    0.0641964    0.340997    -0.0241283    -0.0169162    -0.00118921    0.999564
-0.157047    0.0643581    0.341038    -0.0237297    -0.0142582    -0.00118915    0.999615
-0.147196    0.0644666    0.341184    -0.015331    -0.0212891    -0.00118909    0.999654
-0.136632    0.0645514    0.341602    0.00137022    -0.0239014    -0.00118903    0.999712
-0.125929    0.064642    0.341859    0.0109128    -0.0158941    -0.00118891    0.999813
-0.115317    0.0647509    0.341795    0.00849709    -0.0105398    -0.0011888    0.999907
-0.104763    0.0648816    0.341635    0.00701523    -0.00959489    -0.00118877    0.999928
-0.0942522    0.0650305    0.34147    0.0087123    -0.0118393    -0.00118882    0.999891
-0.0837594    0.0651693    0.341502    0.00605928    -0.0173876    -0.00118889    0.999829
-0.0732856    0.0652978    0.341684    -0.00116647    -0.0167994    -0.00118886    0.999857
-0.0628513    0.0654325    0.34171    -0.00815707    -0.0124543    -0.00118883    0.999888
-0.0524458    0.0655743    0.341616    -0.0127729    -0.0122441    -0.00118888    0.999842
-0.0420389    0.0657213    0.341561    -0.0114562    -0.0133465    -0.00118887    0.999844
-0.0316325    0.0658747    0.341535    -0.00827897    -0.0134068    -0.00118883    0.999875
-0.0212318    0.0660369    0.341508    -0.00986832    -0.013394    -0.00118885    0.999861
-0.0108289    0.0662055    0.341499    -0.0124018    -0.0143597    -0.0011889    0.999819
-0.000415874    0.0663782    0.341528    -0.0120355    -0.0150847    -0.00118891    0.999813
0.0100007    0.0665574    0.341557    -0.0115825    -0.0144647    -0.00118889    0.999827
0.020418    0.0667441    0.341557    -0.0127379    -0.0134588    -0.00118889    0.999827
0.0308691    0.0669349    0.341482    -0.0140696    -0.0112255    -0.00118888    0.999837
0.0413661    0.0671284    0.341322    -0.014951    -0.0101778    -0.00118889    0.999835
0.051896    0.0673262    0.341173    -0.0151542    -0.0110748    -0.0011889    0.999823
0.0624538    0.0675281    0.341065    -0.0146749    -0.0122869    -0.0011889    0.999816
0.07303    0.0677315    0.341019    -0.0137913    -0.0138197    -0.00118891    0.999808
0.083638    0.0679374    0.341034    -0.0123051    -0.0149874    -0.00118891    0.999811
0.0943341    0.0681517    0.341093    -0.00918185    -0.0158958    -0.00118889    0.99983
0.104898    0.0683655    0.341156    -0.00609323    -0.0145321    -0.00118884    0.999875
0.114778    0.0685554    0.341133    -0.00718869    -0.0122326    -0.00118881    0.999898
0.125592    0.0687556    0.341494    -0.0144754    -0.0324947    -0.00118944    0.999365
NEXT
0.125351    0.074889    0.34143    -0.0140772    -0.0291813    -0.00118932    0.999473
0.114643    0.0746687    0.341155    -0.0158347    -0.0120293    -0.00118892    0.999801
0.104797    0.0744545    0.341189    -0.015866    -0.0145009    -0.00118897    0.999768
0.0942176    0.0742076    0.341134    -0.0120589    -0.0157914    -0.00118892    0.999801
0.0835015    0.0739677    0.341082    -0.00836512    -0.0147273    -0.00118886    0.999855
0.0728878    0.0737499    0.341073    -0.00646573    -0.0137603    -0.00118882    0.999883
0.0623263    0.0735452    0.3411    -0.00720151    -0.0129491    -0.00118881    0.999889
0.0518014    0.0733498    0.341167    -0.0101765    -0.0117434    -0.00118883    0.999878
0.0412985    0.0731569    0.3413    -0.0116714    -0.0100754    -0.00118883    0.99988
0.0308189    0.0729657    0.341471    -0.0115837    -0.0108759    -0.00118883    0.999873
0.0203775    0.0727784    0.341557    -0.0119311    -0.0132001    -0.00118887    0.999841
0.00996194    0.0725956    0.341563    -0.0125859    -0.0144971    -0.00118891    0.999814
-0.000461691    0.0724192    0.341527    -0.0127333    -0.0154353    -0.00118892    0.999799
-0.0108914    0.0722482    0.341504    -0.0119256    -0.0135607    -0.00118888    0.999836
-0.0213217    0.072081    0.341573    -0.00947118    -0.0112619    -0.00118882    0.999891
-0.0317501    0.0719192    0.341638    -0.00791081    -0.0137235    -0.00118883    0.999873
-0.0421742    0.0717645    0.341602    -0.00989822    -0.0154659    -0.00118889    0.99983
-0.0525895    0.0716147    0.341621    -0.0115965    -0.0117698    -0.00118885    0.999862
-0.0629946    0.0714685    0.341785    -0.0104318    -0.0100191    -0.00118882    0.999894
-0.073423    0.0713294    0.341866    -0.00833649    -0.0142182    -0.00118885    0.999863
-0.0838866    0.0711981    0.341789    -0.00688557    -0.016201    -0.00118887    0.999844
-0.0943659    0.0710663    0.341733    -0.0116785    -0.0145943    -0.00118889    0.999824
-0.10486    0.0709346    0.341759    -0.0215726    -0.0118951    -0.00118905    0.999695
-0.115391    0.0708211    0.341941    -0.0214322    -0.00792717    -0.001189    0.999737
-0.125979    0.0707248    0.34214    -0.0125993    -0.0151713    -0.00118892    0.999804
-0.136673    0.0706308    0.341797    -0.00997549    -0.0289882    -0.00118925    0.999528
-0.147242    0.0705339    0.341151    -0.0119198    -0.0251982    -0.00118915    0.99961
-0.157106    0.0704245    0.340921    -0.0105525    -0.0142342    -0.00118887    0.999842
-0.167996    0.0702779    0.340963    -0.00338025    -0.0131924    -0.0011888    0.999906
-0.182707    0.0700553    0.340998    0.0124621    -0.0132938    -0.00118889    0.999833
NEXT
-0.182859    0.0762405    0.34187    0.0159732    -0.004777    -0.00118886    0.99986
-0.168086    0.0763862    0.341371    0.00316705    -0.00640308    -0.00118872    0.999974
-0.157168    0.0764927    0.341095    -0.00374736    -0.0104785    -0.00118876    0.999937
-0.147296    0.0765861    0.3412    -0.00854697    -0.0224727    -0.00118903    0.999709
-0.136729    0.076683    0.341746    -0.0139587    -0.0263333    -0.00118922    0.999554
-0.126047    0.0767802    0.341915    -0.0212205    -0.00978057    -0.00118902    0.999726
-0.115479    0.0768777    0.341458    -0.0295355    -0.00395483    -0.00118922    0.999554
-0.104966    0.076987    0.341284    -0.0293247    -0.0163978    -0.00118936    0.999433
-0.0944882    0.0771104    0.341554    -0.0203431    -0.0211799    -0.00118921    0.999567
-0.0840227    0.0772421    0.341788    -0.014261    -0.018335    -0.00118901    0.999729
-0.0735704    0.0773815    0.341891    -0.0123067    -0.0144258    -0.0011889    0.999819
-0.0631475    0.0775291    0.34181    -0.0120858    -0.00985427    -0.00118883    0.999877
-0.0527405    0.0776832    0.341645    -0.0124812    -0.0121949    -0.00118887    0.999847
-0.0423127    0.0778394    0.341662    -0.011967    -0.0168124    -0.00118894    0.999786
-0.0318671    0.0779976    0.341734    -0.0112216    -0.0138705    -0.00118888    0.99984
-0.021411    0.0781579    0.341641    -0.0108899    -0.00986559    -0.00118882    0.999891
-0.0109539    0.0783215    0.341523    -0.010791    -0.0126521    -0.00118886    0.999861
-0.000505302    0.0784897    0.34152    -0.0109517    -0.0150743    -0.00118889    0.999825
0.00992826    0.0786618    0.341557    -0.0107547    -0.0148765    -0.00118888    0.99983
0.0203443    0.0788375    0.341583    -0.00986029    -0.01397    -0.00118886    0.999853
0.0307766    0.079018    0.341517    -0.00980602    -0.011001    -0.00118882    0.99989
0.0412379    0.0792032    0.341346    -0.0108359    -0.0104222    -0.00118882    0.999886
0.0517131    0.0793882    0.341262    -0.00908787    -0.0137174    -0.00118885    0.999864
0.0622035    0.0795742    0.341292    -0.0045467    -0.0145447    -0.00118882    0.999883
0.0727393    0.0797762    0.341286    -0.00297062    -0.0130179    -0.0011888    0.99991
0.0833412    0.0800003    0.341222    -0.00521832    -0.0120095    -0.00118879    0.999913
0.0940682    0.0802604    0.341123    -0.0110855    -0.0113819    -0.00118884    0.999873
0.104671    0.0805367    0.341022    -0.0174197    -0.0126921    -0.00118896    0.999766
0.114525    0.0807772    0.341    -0.0168522    -0.0147027    -0.00118899    0.999749
0.125233    0.0810406    0.341399    -0.0109745    -0.0317078    -0.00118936    0.999435
NEXT
0.139439    0.0878074    0.343007    -0.00217561    -0.044507    -0.00118987    0.999003
0.125157    0.0872221    0.341517    -0.00378611    -0.0334312    -0.00118936    0.999432
0.114404    0.0868719    0.341031    -0.00521326    -0.0159331    -0.00118886    0.999858
0.104534    0.0865963    0.341049    -0.0051127    -0.0111457    -0.00118877    0.999924
0.093915    0.0862968    0.341248    -0.00343551    -0.00859822    -0.00118874    0.999956
0.0831853    0.0860262    0.341419    -0.00321076    -0.0111779    -0.00118877    0.999931
0.0726    0.0858041    0.341479    -0.00574623    -0.0139949    -0.00118882    0.999885
0.0620907    0.0856091    0.341415    -0.00988405    -0.0170562    -0.00118892    0.999804
0.0516324    0.0854328    0.341275    -0.0144761    -0.0155708    -0.00118896    0.999773
0.0411836    0.085257    0.341344    -0.0140619    -0.00943229    -0.00118886    0.999856
0.0307409    0.0850802    0.341586    -0.00919954    -0.00950733    -0.00118879    0.999912
0.0203189    0.0849089    0.341694    -0.00569951    -0.0133966    -0.00118881    0.999893
0.00990399    0.0847424    0.341675    -0.00423816    -0.0148445    -0.00118883    0.99988
-0.000539918    0.0845774    0.341626    -0.00505648    -0.0154967    -0.00118885    0.999866
-0.0110099    0.0844145    0.341588    -0.00853819    -0.0140828    -0.00118885    0.999863
-0.0214986    0.0842553    0.341624    -0.0152744    -0.0124206    -0.00118891    0.999805
-0.0319873    0.0840954    0.341646    -0.0206023    -0.0148937    -0.00118907    0.999675
-0.0424573    0.0839307    0.341571    -0.0200488    -0.0163431    -0.00118909    0.999664
-0.0528986    0.0837656    0.34159    -0.0168493    -0.0111434    -0.00118894    0.999795
-0.0633065    0.0836028    0.34181    -0.0128408    -0.0087289    -0.00118884    0.999878
-0.0737228    0.0834452    0.341907    -0.0110934    -0.0148137    -0.00118889    0.999828
-0.0841631    0.0832945    0.34176    -0.0125078    -0.0195128    -0.00118901    0.99973
-0.0946127    0.0831556    0.341486    -0.00969128    -0.0218007    -0.00118903    0.999714
-0.105072    0.0830294    0.341197    -0.00243318    -0.0161052    -0.00118884    0.999866
-0.115569    0.0829139    0.341392    -0.00089127    -0.00265238    -0.00118869    0.999995
-0.126122    0.0828078    0.341905    -0.0043413    -0.00808091    -0.00118874    0.999957
-0.13679    0.0827067    0.341808    -0.00536307    -0.0244668    -0.00118907    0.999685
-0.147345    0.0826142    0.341331    -0.00514182    -0.0211847    -0.00118897    0.999761
-0.157214    0.0825394    0.341259    -0.00745007    -0.0101602    -0.00118878    0.99992
-0.168151    0.0824822    0.341549    -0.0134709    -0.00618254    -0.00118882    0.999889
-0.182986    0.0824414    0.342074    -0.0247538    -0.00460265    -0.00118906    0.999681
NEXT
-0.183083    0.0886409    0.341453    -0.0346955    -0.0133466    -0.00118951    0.999306
-0.168183    0.0885538    0.341409    -0.0155068    -0.0131466    -0.00118893    0.999792
-0.157239    0.0885598    0.341358    -0.00698587    -0.0137396    -0.00118883    0.99988
-0.147387    0.0886198    0.341521    -0.00556293    -0.0223605    -0.00118901    0.999733
-0.136854    0.0887087    0.342008    -0.00820325    -0.0249213    -0.0011891    0.999654
-0.126204    0.0888153    0.342196    -0.00515419    -0.0119652    -0.00118879    0.999914
-0.115661    0.0889346    0.341888    0.00603338    -0.00565343    -0.00118873    0.999965
-0.10518    0.089064    0.341655    0.00672473    -0.0110329    -0.00118879    0.999916
-0.0947416    0.0892032    0.341639    -0.00508398    -0.0155761    -0.00118885    0.999865
-0.0843092    0.0893555    0.341775    -0.0106802    -0.0190077    -0.00118897    0.999761
-0.0738802    0.0895195    0.341952    -0.00967063    -0.0148486    -0.00118887    0.999842
-0.0634705    0.0896873    0.341805    -0.0115579    -0.00621543    -0.00118879    0.999913
-0.053062    0.0898584    0.341465    -0.0155162    -0.00839009    -0.00118887    0.999843
-0.0426068    0.0900337    0.341342    -0.0185768    -0.0141064    -0.00118902    0.999727
-0.0321103    0.0902069    0.341396    -0.0190786    -0.0164857    -0.00118907    0.999681
-0.0215844    0.0903681    0.341532    -0.0142413    -0.0183086    -0.00118901    0.99973
-0.0110595    0.0905232    0.341695    -0.00841429    -0.0176551    -0.00118891    0.999808
-0.000565993    0.0906786    0.341834    -0.0059112    -0.016836    -0.00118888    0.99984
0.00988855    0.0908341    0.341905    -0.00549593    -0.0145557    -0.00118884    0.999878
0.0203012    0.0909899    0.341877    -0.00638032    -0.0116074    -0.00118879    0.999911
0.0307126    0.0911507    0.341673    -0.00823148    -0.00667413    -0.00118876    0.999943
0.041138    0.0913176    0.341304    -0.0106418    -0.00714672    -0.00118878    0.999917
0.0515633    0.0914839    0.341211    -0.0110197    -0.0165704    -0.00118892    0.999801
0.0619933    0.0916507    0.341445    -0.00915087    -0.0196156    -0.00118897    0.999764
0.072478    0.0918345    0.341611    -0.00740285    -0.0163388    -0.00118888    0.999838
0.0830451    0.0920459    0.341634    -0.00640335    -0.0125773    -0.00118881    0.999899
0.0937674    0.0923141    0.341489    -0.00724694    -0.00864565    -0.00118877    0.999935
0.104389    0.0926256    0.341275    -0.00932869    -0.010804    -0.0011888    0.999897
0.114267    0.0929404    0.341237    -0.0113469    -0.0155471    -0.0011889    0.999814
0.125086    0.0934147    0.34172    -0.0116531    -0.0339138    -0.00118946    0.999354
0.13957    0.0943005    0.343253    -0.00937934    -0.0452783    -0.00118996    0.998927
NEXT
0.13953    0.100645    0.343113    -0.0260217    -0.0495144    -0.00119056    0.998429
0.124913    0.0994887    0.341438    -0.0351184    -0.0365328    -0.00119022    0.998711
0.114075    0.098922    0.340969    -0.035813    -0.0144022    -0.00118958    0.999252
0.104223    0.0986031    0.341097    -0.0304843    -0.00887854    -0.00118929    0.999494
0.0936353    0.0983174    0.341429    -0.0227378    -0.0062954    -0.00118902    0.99972
0.082943    0.0980769    0.341675    -0.0148964    -0.0107485    -0.00118889    0.99983
0.0723987    0.0978843    0.341722    -0.00802036    -0.0150031    -0.00118886    0.999854
0.0619361    0.0977136    0.341603    -0.00243738    -0.0186643    -0.0011889    0.999822
0.051528    0.0975557    0.341392    0.00118563    -0.0162811    -0.00118885    0.999866
0.0411173    0.0973971    0.341469    -0.000618715    -0.0078822    -0.00118872    0.999968
0.030699    0.0972376    0.34179    -0.00688598    -0.00772715    -0.00118876    0.999946
0.0202892    0.0970851    0.341955    -0.011866    -0.0124618    -0.00118886    0.999851
0.0098717    0.0969379    0.341962    -0.0144869    -0.0148664    -0.00118895    0.999783
-0.00059708    0.0967895    0.341898    -0.0134907    -0.0164377    -0.00118896    0.999773
-0.0111139    0.096639    0.341766    -0.0104431    -0.018085    -0.00118894    0.999781
-0.0216702    0.0964852    0.341561    -0.00792001    -0.019742    -0.00118895    0.999772
-0.032228    0.0963225    0.341381    -0.0067292    -0.0168246    -0.00118889    0.999835
-0.0427491    0.096145    0.341325    -0.00750818    -0.0135053    -0.00118883    0.99988
-0.053221    0.0959642    0.341478    -0.00842661    -0.00725366    -0.00118877    0.999937
-0.0636381    0.0957868    0.341871    -0.00818087    -0.00502447    -0.00118874    0.999953
-0.0740509    0.095611    0.342037    -0.00802921    -0.0150721    -0.00118886    0.999853
-0.0844778    0.0954369    0.341836    -0.00874802    -0.0185876    -0.00118894    0.999788
-0.094899    0.0952725    0.3418    -0.00637414    -0.0111632    -0.00118878    0.999916
-0.105317    0.09512    0.342018    -0.00165478    -0.00903455    -0.00118874    0.999957
-0.115783    0.0949796    0.342156    -0.00869284    -0.0123642    -0.00118882    0.999885
-0.126311    0.0948506    0.342146    -0.0236444    -0.0168343    -0.00118919    0.999577
-0.136928    0.0947308    0.341932    -0.0225185    -0.0216754    -0.00118927    0.99951
-0.147415    0.0946276    0.341631    -0.00986238    -0.0190493    -0.00118896    0.999769
-0.157229    0.0945598    0.341542    -0.00234192    -0.0134446    -0.0011888    0.999906
-0.168172    0.0945905    0.341486    -0.00280494    -0.017892    -0.00118889    0.999835
-0.183154    0.0948188    0.341156    -0.0138955    -0.0209552    -0.00118907    0.999682
NEXT
-0.183194    0.100979    0.34128    -0.00520752    -0.0245741    -0.00118906    0.999683
-0.168108    0.100592    0.341757    -0.00504654    -0.0190283    -0.00118892    0.999805
-0.157174    0.100538    0.341783    -0.00489859    -0.0103374    -0.00118876    0.999934
-0.147422    0.100639    0.341679    -0.00888989    -0.0123699    -0.00118883    0.999883
-0.137007    0.100778    0.341651    -0.0183932    -0.015191    -0.00118903    0.999714
-0.126443    0.100924    0.341808    -0.0206955    -0.0206687    -0.0011892    0.99957
-0.115938    0.101061    0.342148    -0.0124577    -0.0202351    -0.00118903    0.999716
-0.10549    0.101211    0.342194    -0.00820141    -0.0100572    -0.00118879    0.999915
-0.0950871    0.101376    0.341916    -0.00994329    -0.00951318    -0.0011888    0.999904
-0.0846697    0.10155    0.341914    -0.0106333    -0.0185506    -0.00118896    0.99977
-0.0742346    0.101731    0.342134    -0.00996451    -0.0156866    -0.00118889    0.999826
-0.0638085    0.101912    0.341994    -0.00826851    -0.00568317    -0.00118875    0.999949
-0.053374    0.102092    0.341632    -0.00563158    -0.00810942    -0.00118875    0.99995
-0.0428824    0.102274    0.341523    -0.00379868    -0.0146384    -0.00118883    0.999885
-0.0323391    0.10245    0.341596    -0.00386595    -0.0161245    -0.00118885    0.999861
-0.0217562    0.102613    0.341703    -0.00703843    -0.0169332    -0.00118888    0.999831
-0.0111747    0.102768    0.341795    -0.0113079    -0.0155472    -0.0011889    0.999814
-0.000635744    0.102917    0.341827    -0.0145857    -0.0144122    -0.00118894    0.999788
0.00985114    0.103061    0.341855    -0.016268    -0.0152202    -0.00118898    0.99975
0.020282    0.103203    0.34191    -0.0159355    -0.015085    -0.00118898    0.999758
0.0307009    0.103349    0.341889    -0.0121755    -0.0121342    -0.00118887    0.999851
0.041124    0.103503    0.341766    -0.00515174    -0.0116636    -0.00118879    0.999918
0.0515296    0.103654    0.341749    -0.00261106    -0.0154866    -0.00118884    0.999876
0.0619218    0.103802    0.341849    -0.0057908    -0.0152581    -0.00118884    0.999866
0.0723613    0.103957    0.34181    -0.00994545    -0.0109343    -0.00118882    0.99989
0.0828713    0.104123    0.341581    -0.0143003    -0.00629815    -0.00118884    0.999877
0.0935018    0.104313    0.341145    -0.0188125    -0.00157209    -0.0011889    0.999821
0.104011    0.104536    0.340632    -0.0230521    -0.00471024    -0.00118901    0.999722
0.113795    0.104816    0.340373    -0.0264257    -0.0112686    -0.00118918    0.999585
0.124603    0.105416    0.34082    -0.0265776    -0.0375645    -0.00118995    0.998937
0.139266    0.10675    0.342669    -0.0242487    -0.0533439    -0.00119074    0.998276
NEXT
0.138736    0.112426    0.342473    -0.0101296    -0.0490628    -0.00119019    0.99874
0.124085    0.111172    0.34078    0.00261225    -0.0332733    -0.00118935    0.99944
0.113338    0.11066    0.340407    0.00411892    -0.00934883    -0.00118875    0.999947
0.103661    0.110465    0.340687    0.00183812    -0.00399537    -0.0011887    0.99999
0.0932978    0.110321    0.341187    -0.00317038    -0.0016304    -0.0011887    0.999993
0.0827871    0.110189    0.34161    -0.00824735    -0.0063581    -0.00118875    0.999945
0.0723468    0.110054    0.341836    -0.0126123    -0.0107818    -0.00118885    0.999861
0.0619453    0.109922    0.341896    -0.0150841    -0.0145893    -0.00118895    0.999779
0.0515656    0.109791    0.341825    -0.0158602    -0.0158533    -0.00118899    0.999747
0.0411566    0.109653    0.341781    -0.0182719    -0.0146098    -0.00118901    0.999725
0.0307175    0.109509    0.34178    -0.021325    -0.0141694    -0.00118908    0.999671
0.0202781    0.10937    0.341782    -0.0191226    -0.014127    -0.00118903    0.999716
0.00982469    0.109231    0.341789    -0.0137769    -0.0138529    -0.00118891    0.999808
-0.000683131    0.109087    0.341806    -0.0118197    -0.013561    -0.00118888    0.999837
-0.0112416    0.108937    0.341819    -0.0114494    -0.0141    -0.00118888    0.999834
-0.0218419    0.108785    0.341805    -0.00934608    -0.0147242    -0.00118887    0.999847
-0.0324438    0.108626    0.34177    -0.0066387    -0.0149823    -0.00118885    0.999865
-0.0430075    0.108455    0.341725    -0.00452389    -0.0145899    -0.00118882    0.999882
-0.0535211    0.108278    0.341804    -0.00541737    -0.00962422    -0.00118876    0.999938
-0.063979    0.108099    0.342073    -0.0103726    -0.00810457    -0.00118879    0.999912
-0.0744259    0.107917    0.342142    -0.0139583    -0.0168346    -0.00118897    0.99976
-0.0848769    0.107732    0.341902    -0.014728    -0.0186164    -0.00118902    0.999717
-0.0953    0.107548    0.341919    -0.0147977    -0.00885371    -0.00118886    0.99985
-0.105696    0.107368    0.342232    -0.0136471    -0.00975473    -0.00118886    0.999858
-0.116125    0.107202    0.342172    -0.00992011    -0.021286    -0.00118902    0.999723
-0.12659    0.107041    0.341789    -0.00524857    -0.0204485    -0.00118895    0.999776
-0.137069    0.106846    0.341688    -0.00322848    -0.0122815    -0.00118878    0.999918
-0.147374    0.106641    0.341811    -0.00471903    -0.011475    -0.00118878    0.999922
-0.157042    0.106488    0.341875    -0.0119741    -0.0133574    -0.00118888    0.999838
-0.167963    0.106566    0.341799    -0.0163509    -0.0178412    -0.00118904    0.999706
-0.183174    0.107152    0.341474    -0.00384615    -0.0209924    -0.00118896    0.999771
NEXT
-0.183014    0.113226    0.341609    -0.012401    -0.0121246    -0.00118887    0.999848
-0.167735    0.112427    0.341581    -0.0271109    -0.0151804    -0.00118926    0.999515
-0.156854    0.112315    0.341771    -0.0229762    -0.0210502    -0.00118926    0.999513
-0.147287    0.112518    0.341917    -0.0147584    -0.0152349    -0.00118896    0.999774
-0.137117    0.112799    0.341869    -0.0128597    -0.0127752    -0.00118888    0.999835
-0.126743    0.113056    0.341929    -0.0138083    -0.018391    -0.00118901    0.999734
-0.116331    0.113251    0.342179    -0.0161619    -0.0184063    -0.00118905    0.999698
-0.105926    0.113442    0.34216    -0.0167486    -0.00907399    -0.0011889    0.999817
-0.0955284    0.113641    0.34185    -0.0146966    -0.00902349    -0.00118887    0.99985
-0.0850923    0.113837    0.34183    -0.0144314    -0.0183017    -0.00118901    0.999727
-0.074619    0.114026    0.342069    -0.015997    -0.0177879    -0.00118903    0.999712
-0.0641452    0.114208    0.342087    -0.0139112    -0.0113446    -0.00118888    0.999838
-0.0536588    0.114382    0.341938    -0.00959642    -0.0114135    -0.00118882    0.999888
-0.0431221    0.114553    0.341875    -0.008818    -0.0137053    -0.00118885    0.999866
-0.0325405    0.114718    0.341866    -0.0106198    -0.0136681    -0.00118886    0.999849
-0.0219254    0.114873    0.34184    -0.0128841    -0.0132995    -0.00118889    0.999827
-0.0113124    0.115024    0.341814    -0.0144841    -0.0137321    -0.00118893    0.9998
-0.000737185    0.115179    0.341804    -0.0143855    -0.01384    -0.00118893    0.9998
0.00979369    0.115329    0.341749    -0.0151367    -0.0118293    -0.00118891    0.999814
0.0202776    0.115471    0.341616    -0.0181046    -0.0111    -0.00118896    0.999773
0.0307473    0.115609    0.34155    -0.0192857    -0.0141497    -0.00118903    0.999712
0.0412127    0.115744    0.341604    -0.0174006    -0.0161823    -0.00118903    0.999716
0.0516352    0.11587    0.341697    -0.0161224    -0.0165992    -0.00118901    0.999731
0.0620099    0.115984    0.341794    -0.0158705    -0.0157271    -0.00118899    0.999749
0.0723695    0.116094    0.341815    -0.01333    -0.0135215    -0.0011889    0.999819
0.0827222    0.116195    0.341724    -0.00875246    -0.00971302    -0.00118879    0.999914
0.0930796    0.116266    0.341446    -0.00515084    -0.0049964    -0.00118872    0.999973
0.103258    0.116317    0.341073    -0.00227128    -0.00645062    -0.00118871    0.999976
0.112804    0.116379    0.340856    0.000825966    -0.0103801    -0.00118875    0.999945
0.123465    0.116677    0.341135    0.000364731    -0.0290471    -0.00118919    0.999576
0.138051    0.11757    0.342434    -0.0155848    -0.0415602    -0.00118986    0.999011
NEXT
0.123024    0.121737    0.341224    -0.0144715    -0.0262885    -0.00118922    0.999548
0.112458    0.121784    0.340973    -0.015553    -0.0126293    -0.00118893    0.999798
0.103025    0.121902    0.341139    -0.017582    -0.0069106    -0.0011889    0.99982
0.093001    0.121959    0.341516    -0.0138583    -0.00468731    -0.00118882    0.999892
0.0827635    0.12195    0.341773    -0.0117527    -0.0109508    -0.00118884    0.99987
0.0724679    0.121873    0.341791    -0.0134449    -0.0150759    -0.00118893    0.999795
0.0621252    0.12177    0.341738    -0.0136451    -0.0156901    -0.00118895    0.999783
0.0517363    0.121652    0.341661    -0.011686    -0.0162853    -0.00118893    0.999798
0.0412872    0.121519    0.341556    -0.0113367    -0.0169023    -0.00118893    0.999792
0.0307872    0.121373    0.341462    -0.012926    -0.0147802    -0.00118892    0.999806
0.0202807    0.12122    0.341513    -0.0154191    -0.011019    -0.0011889    0.999819
0.00976197    0.12106    0.341653    -0.0180755    -0.0118447    -0.00118897    0.999765
-0.000792614    0.120891    0.341704    -0.0192613    -0.0141621    -0.00118903    0.999713
-0.011382    0.120722    0.341715    -0.019    -0.0133455    -0.001189    0.999729
-0.0220026    0.12056    0.341779    -0.0173611    -0.0120723    -0.00118896    0.999775
-0.0326251    0.1204    0.341851    -0.0156003    -0.01288    -0.00118894    0.999794
-0.0432204    0.120232    0.341888    -0.0150528    -0.0135078    -0.00118893    0.999794
-0.0537791    0.12006    0.341931    -0.0160659    -0.0127485    -0.00118894    0.999788
-0.0642964    0.119886    0.342001    -0.0185757    -0.0131571    -0.001189    0.99974
-0.0748011    0.119701    0.341966    -0.0176656    -0.0169499    -0.00118904    0.999699
-0.0853007    0.119501    0.341801    -0.0124725    -0.0168227    -0.00118895    0.999779
-0.0957516    0.119288    0.341823    -0.0126722    -0.0103547    -0.00118885    0.999865
-0.106148    0.119062    0.342037    -0.0193211    -0.0114531    -0.00118899    0.999746
-0.116529    0.118841    0.341978    -0.0265126    -0.0200401    -0.00118934    0.999446
-0.126884    0.11861    0.341692    -0.0327735    -0.0192564    -0.00118955    0.999275
-0.137163    0.11831    0.34164    -0.0334184    -0.0126848    -0.00118945    0.999359
-0.147211    0.117991    0.341688    -0.0314916    -0.0174316    -0.00118946    0.99935
-0.15667    0.117789    0.341401    -0.0364971    -0.0271193    -0.00118992    0.998962
-0.16743    0.117965    0.341127    -0.0386885    -0.0125169    -0.00118967    0.99917
NEXT
-0.166974    0.123993    0.340643    -0.0244873    -0.0130644    -0.00118915    0.999613
-0.156748    0.123893    0.341041    -0.0159788    -0.032979    -0.00118949    0.999326
-0.147428    0.124018    0.34146    -0.0103351    -0.0182034    -0.00118895    0.99978
-0.137446    0.124314    0.34139    -0.0103065    -0.0109546    -0.00118883    0.999886
-0.127201    0.124628    0.341471    -0.00768953    -0.0209503    -0.00118898    0.99975
-0.116863    0.1249    0.341908    -0.0022391    -0.0234216    -0.00118902    0.999722
-0.10648    0.125172    0.342108    0.000271684    -0.0138446    -0.0011888    0.999903
-0.0960607    0.125447    0.34198    -0.000113949    -0.0107577    -0.00118875    0.999941
-0.0855732    0.125696    0.34192    -0.00300415    -0.0140623    -0.00118882    0.999896
-0.0750265    0.125918    0.34195    -0.00824778    -0.014059    -0.00118885    0.999866
-0.0644739    0.126118    0.341907    -0.0133623    -0.012046    -0.00118888    0.999837
-0.0539134    0.126304    0.341812    -0.0174301    -0.0123875    -0.00118897    0.99977
-0.0433273    0.12649    0.341758    -0.0191837    -0.0134777    -0.00118902    0.999724
-0.0327176    0.126678    0.341726    -0.0183833    -0.0133165    -0.001189    0.999741
-0.0220884    0.126867    0.341681    -0.0146741    -0.0129317    -0.00118892    0.999807
-0.0114604    0.127064    0.341651    -0.0104968    -0.0138993    -0.00118887    0.999847
-0.000854125    0.127276    0.341665    -0.00825769    -0.0145653    -0.00118885    0.999859
0.00973131    0.12749    0.341654    -0.00666254    -0.0129015    -0.00118881    0.999894
0.0202973    0.1277    0.34158    -0.0048977    -0.0124639    -0.0011888    0.999909
0.03086    0.127903    0.341586    -0.0034185    -0.0157305    -0.00118884    0.999869
0.0414221    0.1281    0.341714    -0.00254345    -0.0169142    -0.00118887    0.999853
0.0519435    0.128285    0.341792    -0.00407712    -0.0146374    -0.00118882    0.999884
0.0624136    0.128453    0.341786    -0.00807948    -0.0138005    -0.00118884    0.999871
0.0728319    0.128587    0.341786    -0.0117237    -0.0143626    -0.00118889    0.999827
0.0831849    0.128662    0.341733    -0.0147668    -0.00910735    -0.00118887    0.999848
0.0934218    0.128602    0.341347    -0.0203603    -0.000128675    -0.00118893    0.999791
0.103388    0.128381    0.340824    -0.0279668    -0.00502888    -0.00118917    0.999594
0.112716    0.127959    0.340709    -0.0283003    -0.0159852    -0.00118932    0.99947
0.12283    0.127248    0.341041    -0.0240202    -0.0253558    -0.00118941    0.999388
NEXT
-0.0966026    0.13367    0.34254    0.00771847    -0.00754098    -0.00118875    0.999941
-0.107105    0.133298    0.342761    0.0132703    -0.0125137    -0.00118889    0.999832
-0.117569    0.132939    0.342516    0.014941    -0.025523    -0.00118921    0.99956
-0.127994    0.132611    0.341931    0.0110074    -0.0231582    -0.00118908    0.999669
-0.138349    0.132328    0.341777    0.00687277    -0.0112118    -0.00118879    0.999913
-0.148384    0.132148    0.34179    0.00536608    -0.0218452    -0.00118899    0.999745
-0.157494    0.132204    0.341135    -0.000463918    -0.0433162    -0.00118981    0.999058
NEXT
