-0.0032828    -0.0451816    0.290265    -0.0955538    -0.386977    0.0375418    0.915734
NEXT
0.154096    -0.0307438    0.305121    0.0375523    -0.0711134    0.0344884    0.99616
0.140914    -0.0325659    0.304438    0.088621    0.0451153    0.0507808    0.993744
0.127646    -0.0346351    0.30685    0.0634303    0.126938    0.0658877    0.987684
0.113965    -0.0368321    0.310689    -0.0269848    0.144877    0.0680787    0.986736
0.100379    -0.0387845    0.316144    -0.0555103    0.228824    0.0555095    0.970301
0.0870371    -0.0405711    0.322663    -0.0471455    0.190205    0.046041    0.979527
0.0732776    -0.0423458    0.326723    -0.062484    0.0785728    0.0395377    0.994159
0.0593424    -0.0441488    0.327103    -0.100284    -0.049995    0.0342467    0.993106
NEXT
-0.00589067    -0.0352065    0.28848    0.0078636    -0.304993    0.0582515    0.950303
0.00713193    -0.0354637    0.30046    -0.0690265    -0.39662    -0.0103378    0.915419
0.019008    -0.0356183    0.312073    -0.0553379    -0.330275    0.00534602    0.942271
0.0315889    -0.0351495    0.31951    -0.0740487    -0.195902    0.0196258    0.977632
0.0450096    -0.034583    0.323318    -0.0651256    -0.0909216    0.0270904    0.993357
0.0588367    -0.0335188    0.325266    -0.069578    -0.0579004    0.0473955    0.994766
0.0725729    -0.0318937    0.325378    -0.0738014    0.0583776    0.0562801    0.993971
0.0860379    -0.0302615    0.32154    -0.083369    0.194596    0.0651445    0.975167
0.0993128    -0.0285966    0.315076    -0.0778772    0.216584    0.0618166    0.971196
0.112811    -0.0268876    0.310299    -0.0361377    0.108785    0.0611558    0.991524
0.126709    -0.0250685    0.308038    0.0339664    0.068788    0.0591942    0.995294
0.140359    -0.0232217    0.306051    0.0608228    0.0621503    0.0504085    0.994935
0.153879    -0.0216132    0.305797    0.0283195    -0.036646    0.0387421    0.998175
NEXT
0.153181    -0.0117082    0.305765    -0.0324111    -0.0282876    0.0414022    0.998216
0.139492    -0.0131783    0.306515    -0.0195465    0.0681003    0.0551196    0.995963
0.125607    -0.0149831    0.308316    -0.00365358    0.040101    0.0582743    0.997488
0.111653    -0.0168282    0.309945    0.00964768    0.103308    0.0588361    0.99286
0.0981712    -0.0188144    0.314403    0.0221459    0.205031    0.0535835    0.977032
0.0847347    -0.0206249    0.320666    0.000723893    0.203475    0.0505832    0.977772
0.0714546    -0.0221877    0.324227    -0.0336421    0.0429439    0.0548931    0.997001
0.0578062    -0.0236935    0.324386    -0.00251373    -0.02245    0.0534488    0.998315
0.0441093    -0.0244101    0.322801    0.0457979    -0.0962609    0.0368835    0.993613
0.0306276    -0.0246972    0.318946    0.0925951    -0.176168    0.0554078    0.978397
0.0181225    -0.0252095    0.312517    0.189819    -0.313164    0.068831    0.928064
0.00688915    -0.0251078    0.300377    0.117889    -0.411037    0.0340932    0.903477
-0.00772385    -0.0252942    0.288213    0.00702859    -0.266713    0.0392766    0.962918
NEXT
-0.00890428    -0.0152481    0.288203    0.0315905    -0.324848    0.0299093    0.944701
0.00464703    -0.0158119    0.303188    0.181399    -0.472907    0.0628433    0.860173
0.0150826    -0.0165824    0.316356    0.190106    -0.279607    0.0820228    0.937242
0.0285384    -0.0159989    0.320894    0.0743541    -0.111353    0.0696764    0.988527
0.0428038    -0.0150463    0.323909    0.0419355    -0.0857419    0.0465133    0.994346
0.0566299    -0.0138776    0.324944    0.0446425    0.018721    0.0545911    0.997335
0.0704973    -0.0122782    0.324163    0.0144718    0.0387562    0.0521089    0.997784
0.0840588    -0.0108265    0.321325    0.0227195    0.168501    0.0460371    0.984363
0.0976007    -0.00898613    0.315921    0.0882414    0.196897    0.0543768    0.974926
0.110823    -0.00675803    0.311196    0.0955926    0.13853    0.0589284    0.983968
0.124606    -0.00491356    0.308986    0.0836432    0.0521864    0.0515467    0.993792
0.138607    -0.00334579    0.307375    0.146902    0.0679562    0.046477    0.985719
0.152417    -0.00196826    0.306392    0.146421    -0.00427513    0.0355221    0.988575
NEXT
0.151708    0.00735525    0.308861    0.04051    0.0198883    0.0451718    0.997959
0.137755    0.00608318    0.309732    0.023144    0.0161811    0.0483424    0.998431
0.123409    0.00500475    0.310141    -0.00985336    0.0338288    0.0593465    0.997615
0.1096    0.00331494    0.312668    0.00295885    0.155202    0.0851491    0.984202
0.0966397    0.000833971    0.317591    0.054623    0.182508    0.0746572    0.978843
0.0831824    -0.000945893    0.32187    0.0332258    0.120609    0.0441538    0.991161
0.0694901    -0.00210875    0.324194    -0.0204122    0.051912    0.0485558    0.997262
0.0556561    -0.0038223    0.325232    -0.0250808    0.0072483    0.0567343    0.998048
0.042076    -0.00559877    0.32351    -0.0626866    -0.124053    0.0369889    0.989599
0.0278406    -0.00708178    0.319942    -0.132471    -0.118569    0.00810215    0.984024
0.0139969    -0.00742974    0.315845    -0.178367    -0.249426    -0.0324383    0.951381
0.00325964    -0.00630247    0.30322    -0.12845    -0.479651    -0.0300047    0.868374
-0.00939277    -0.00515621    0.287457    -0.105225    -0.352514    -0.022267    0.929737
NEXT
-0.00917951    0.00471134    0.285857    0.01181    -0.333846    0.0131599    0.942412
0.00377507    0.00395447    0.300463    -0.0547288    -0.445441    -0.00952783    0.893661
0.0152134    0.00332823    0.312776    -0.0499998    -0.301175    -0.0212903    0.952029
0.0281989    0.00343909    0.318883    0.0714653    -0.170317    0.016223    0.982663
0.0416996    0.0043556    0.323528    0.103589    -0.151986    0.0342846    0.982345
0.0548663    0.00579597    0.325782    0.124781    0.0119247    0.0528606    0.990701
0.0686423    0.00742425    0.324988    0.138729    0.0378877    0.0421026    0.98871
0.0824653    0.00838364    0.323738    0.165438    0.0810076    0.0323378    0.982359
0.095678    0.0101054    0.319554    0.149391    0.229744    0.0595989    0.959878
0.108176    0.0129319    0.313236    0.0771653    0.207702    0.0696567    0.972638
0.121922    0.0147212    0.310167    0.0531274    0.0326402    0.0481972    0.996889
0.136589    0.0156573    0.310026    0.0559132    0.00806073    0.0475182    0.997271
0.150651    0.016951    0.30933    0.0500461    0.00616901    0.0503525    0.997458
0.16404    0.0174842    0.311773    0.103832    -0.175122    0.0408869    0.978165
NEXT
0.162484    0.0271919    0.313954    0.135432    -0.203811    0.0347643    0.968952
0.149598    0.0266639    0.310979    0.106822    0.000824472    0.0479843    0.993119
0.135656    0.0252752    0.311864    0.110822    0.0295689    0.0409348    0.992557
0.121368    0.0240504    0.31279    0.192952    0.0744989    0.0298589    0.977912
0.108146    0.021891    0.316657    0.242869    0.236713    0.0431728    0.939723
0.0953327    0.0191604    0.323033    0.176286    0.211737    0.0507456    0.959986
0.0817247    0.0174125    0.327231    0.167893    0.0986552    0.0509962    0.979536
0.0678912    0.0159823    0.328811    0.231295    0.0444047    0.0512824    0.970518
0.0541418    0.0144875    0.329244    0.211076    -0.0119371    0.0448835    0.976366
0.0411038    0.0138629    0.326093    0.137    -0.190597    0.0194488    0.971883
0.0279678    0.0136957    0.320447    0.0442458    -0.215649    0.00660376    0.975448
0.0151302    0.0135946    0.312779    0.0238231    -0.323273    0.0154634    0.945869
0.00268934    0.013671    0.300949    0.122049    -0.389668    0.0494879    0.911476
-0.0113752    0.0137562    0.288244    0.26092    -0.285309    0.0898035    0.917724
NEXT
-0.0144259    0.022834    0.292212    0.159278    -0.231397    0.0660237    0.957418
0.00123222    0.0233107    0.302505    0.0689908    -0.332963    0.028271    0.939997
0.0144835    0.0233805    0.313365    0.0685442    -0.310978    0.0210804    0.947711
0.0274419    0.0233334    0.321795    0.126522    -0.263713    0.027739    0.955877
0.0400984    0.0232658    0.328615    0.142405    -0.210066    0.0365958    0.966559
0.0531421    0.0237985    0.33213    0.0949485    -0.0340078    0.0491351    0.993687
0.0669016    0.0252509    0.332045    0.101408    0.0342532    0.0569559    0.992622
0.0806314    0.026991    0.330195    0.124265    0.112788    0.059049    0.984051
0.0945154    0.028764    0.326387    0.136122    0.169349    0.062958    0.974093
0.107751    0.031103    0.320659    0.115377    0.228287    0.0821782    0.963259
0.120723    0.0334112    0.315809    0.0861669    0.129814    0.0703024    0.985284
0.134653    0.0349761    0.313523    0.0570728    0.0509765    0.0571001    0.995431
0.148523    0.0363328    0.313006    0.102195    -0.0310641    0.0510276    0.992969
0.16111    0.0369183    0.316394    0.12883    -0.210823    0.0357596    0.96833
NEXT
0.159893    0.0466087    0.318732    0.121469    -0.194443    0.037209    0.972659
0.147386    0.0458437    0.315471    0.141878    -0.0467633    0.0476632    0.987629
0.133266    0.0446118    0.31533    0.114574    0.0347388    0.0563444    0.991206
0.119018    0.0430736    0.31731    0.0651386    0.121837    0.0769243    0.987419
0.10612    0.0407302    0.322585    0.0672813    0.263224    0.087032    0.958455
0.0933232    0.0383265    0.329251    0.131242    0.187363    0.0634279    0.971434
0.0796258    0.0365485    0.333099    0.157432    0.106192    0.0543851    0.980302
0.065891    0.0349849    0.334664    0.164693    0.0264001    0.0495572    0.984745
0.0521088    0.0336223    0.334468    0.140752    -0.0361757    0.0434232    0.988431
0.03875    0.0328187    0.331299    0.138901    -0.181536    0.0390742    0.972745
0.0258186    0.0325796    0.324808    0.196084    -0.261966    0.0531974    0.943474
0.0129992    0.0326593    0.315756    0.202748    -0.33466    0.0530978    0.918905
0.000198064    0.0329701    0.303978    0.114127    -0.35097    0.0302023    0.928965
-0.0157764    0.0327101    0.293462    0.0140328    -0.223997    0.0251356    0.974163
NEXT
-0.0163084    0.0429863    0.293667    0.0350199    -0.255839    0.0161114    0.965946
-0.000853751    0.0426063    0.305976    0.10506    -0.400227    0.0116467    0.910402
0.011127    0.041883    0.31899    0.154618    -0.35912    0.0330988    0.919951
0.024052    0.0419436    0.327801    0.140793    -0.223138    0.0456829    0.963489
0.0377025    0.0425321    0.333219    0.087058    -0.156699    0.0369317    0.983108
0.0513507    0.0433306    0.336683    0.0914998    -0.0785228    0.037738    0.991987
0.0650362    0.044464    0.337854    0.146345    0.00646384    0.0453142    0.988174
0.0786482    0.0459317    0.336221    0.136329    0.123188    0.0577642    0.981281
0.092335    0.0477576    0.331997    0.115994    0.189752    0.061269    0.973041
0.105345    0.050207    0.32529    0.165173    0.272355    0.0552303    0.946334
0.118095    0.0527258    0.31934    0.133812    0.157047    0.0452022    0.977425
0.132187    0.0543401    0.317165    0.0750784    0.0245692    0.0411347    0.996026
0.146398    0.0555021    0.3175    0.070372    -0.0507413    0.0422271    0.995334
0.158895    0.0563759    0.320536    0.07447    -0.184007    0.0367319    0.979414
NEXT
0.158036    0.0661587    0.321475    0.0369732    -0.1818    0.0387576    0.981875
0.14558    0.0652266    0.318701    0.0594452    -0.0380006    0.0408211    0.996672
0.131605    0.0639136    0.319069    0.111107    0.069937    0.0415475    0.990472
0.117963    0.0619766    0.322567    0.161123    0.196491    0.0492491    0.965918
0.104852    0.0595508    0.328416    0.115225    0.212868    0.0635296    0.96819
0.091145    0.057345    0.333874    0.0556197    0.171163    0.0678788    0.981329
0.0774708    0.0554189    0.338331    0.0581443    0.139947    0.0648277    0.986323
0.0640006    0.0539129    0.340243    0.0866744    -0.00183504    0.0521308    0.99487
0.0503497    0.0529272    0.338606    0.105407    -0.09506    0.0462929    0.988791
0.036535    0.0521008    0.335307    0.124971    -0.134545    0.0458924    0.981923
0.0229589    0.0514414    0.329987    0.0915739    -0.238555    0.0268606    0.966442
0.0102643    0.0514752    0.320793    0.0531167    -0.372634    0.00393016    0.926452
-0.00154547    0.0523168    0.307545    0.073941    -0.40294    0.00566807    0.912216
-0.0172425    0.0529877    0.294859    0.101326    -0.268889    0.0283519    0.957375
NEXT
-0.0187203    0.0626319    0.296803    0.111306    -0.266929    0.0305036    0.956723
-0.00250219    0.0620268    0.308671    0.0699756    -0.372911    0.0231083    0.924838
0.0097831    0.0613867    0.321173    0.0202778    -0.36025    0.0128367    0.932495
0.0224113    0.0612878    0.330753    0.0190413    -0.27914    0.0208093    0.95983
0.0354502    0.0617975    0.336919    0.0499639    -0.147692    0.0379154    0.987042
0.0491689    0.0626387    0.340065    0.0492634    -0.0839671    0.0439164    0.99428
0.0627817    0.0637108    0.341025    0.0157155    0.0247735    0.0510821    0.998263
0.0763481    0.0652883    0.339013    0.0192985    0.116059    0.0571427    0.991409
0.0899915    0.0672366    0.334962    0.0353806    0.166032    0.0600358    0.983654
0.103752    0.0693242    0.329925    0.0211096    0.182349    0.0677899    0.980666
0.11725    0.071515    0.324671    0.034712    0.175677    0.0640091    0.981749
0.13087    0.0734666    0.320808    0.0309649    0.0968219    0.0548231    0.993308
0.144675    0.0748741    0.319483    -0.00499999    -0.00597578    0.0484781    0.998794
0.156995    0.0758533    0.321546    -0.0276397    -0.171847    0.0473419    0.983594
0.173418    0.0768238    0.328965    -0.017703    -0.204121    0.0582772    0.97702
NEXT
0.15576    0.0854718    0.319782    -0.0992196    -0.170595    0.0515188    0.978978
0.143517    0.0844632    0.318034    -0.106103    0.00501003    0.0547309    0.992835
0.129807    0.0830078    0.319933    -0.0985622    0.116495    0.0567667    0.986659
0.116243    0.0812213    0.324445    -0.0652904    0.178364    0.0596255    0.979985
0.102675    0.0791847    0.329971    -0.0392591    0.190785    0.0611568    0.978937
0.0890906    0.0771752    0.335568    -0.00356784    0.186543    0.0550634    0.980894
0.0755486    0.0753775    0.339846    0.030799    0.108002    0.0491086    0.992458
0.0619014    0.0738491    0.341606    0.0270342    0.0191116    0.0432394    0.998516
0.0482515    0.0726921    0.340439    0.00251876    -0.0939778    0.0381146    0.994841
0.0344779    0.0718805    0.3371    -0.0148778    -0.153477    0.033554    0.987469
0.02138    0.0714578    0.330828    -0.00479489    -0.280068    0.0315471    0.959423
0.00870557    0.0714501    0.321331    0.00243547    -0.35278    0.0245104    0.935313
-0.00371295    0.0717249    0.309347    0.0180268    -0.359224    0.020817    0.932777
-0.0196799    0.072087    0.298045    0.0317102    -0.269623    0.00186786    0.962435
NEXT
-0.0192453    0.0810635    0.297902    -0.0438473    -0.265901    -0.0306879    0.96249
-0.00414412    0.0810691    0.308459    -0.0651406    -0.3523    0.0105047    0.9336
0.00810162    0.0811374    0.319953    -0.0906696    -0.353652    0.0153663    0.930927
0.0206034    0.081258    0.329487    -0.0889871    -0.284601    0.0224166    0.95427
0.0336871    0.081663    0.336158    -0.0611188    -0.177787    0.031499    0.981664
0.0473387    0.0824167    0.340098    -0.032953    -0.107995    0.0459402    0.992541
0.0610004    0.0834953    0.341381    -0.0742453    0.0176447    0.0534281    0.995651
0.074692    0.0850249    0.339412    -0.100824    0.108841    0.0581043    0.987226
0.0882685    0.0869252    0.334803    -0.0828193    0.191671    0.0525577    0.976545
0.101851    0.0890479    0.328838    -0.0707624    0.1991    0.0508631    0.976086
0.115447    0.0912585    0.323027    -0.0618251    0.183935    0.046149    0.979892
0.129015    0.0932653    0.318419    -0.0400677    0.121899    0.039798    0.990928
0.142383    0.0948759    0.316489    -0.0375112    0.0131511    0.0443125    0.998227
NEXT
0.0193937    0.0933738    0.327259    -0.0362505    -0.323648    0.0438959    0.944444
0.00744165    0.0927222    0.316632    -0.159937    -0.374516    0.016786    0.913621
-0.00458332    0.0924815    0.305703    -0.164288    -0.333882    0.00244415    0.928476
NEXT
