-0.368221    -0.085584    0.244737    -0.621489    0.674317    0.341045    0.206235
NEXT
-0.382635    -0.242956    0.229789    -0.680033    0.728719    0.0237841    0.0771812
-0.380814    -0.229775    0.23048    -0.66679    0.738573    -0.0945098    0.0311117
-0.378746    -0.216505    0.228076    -0.651834    0.744998    -0.134554    -0.0445585
-0.376548    -0.202822    0.224245    -0.649646    0.745879    -0.0833094    -0.12118
-0.374595    -0.189232    0.218799    -0.646922    0.725396    -0.122508    -0.200714
-0.372807    -0.175887    0.212288    -0.660141    0.725215    -0.101116    -0.167487
-0.371032    -0.162125    0.208236    -0.675088    0.730923    -0.0113319    -0.0993975
-0.369231    -0.148189    0.207864    -0.678094    0.726392    0.106309    -0.035222
NEXT
-0.378197    -0.0829783    0.246519    -0.630978    0.713171    0.210124    0.22149
-0.377933    -0.0959943    0.234532    0.654589    -0.639745    -0.329338    -0.231966
-0.377772    -0.107864    0.222912    -0.662533    0.669894    0.272724    0.194726
-0.378237    -0.120441    0.215468    -0.677468    0.705055    0.190933    0.0864916
-0.3788    -0.13386    0.211653    -0.683314    0.721492    0.110389    0.0185781
-0.379862    -0.147686    0.209697    -0.669956    0.736859    0.0901933    -0.0079188
-0.381485    -0.161422    0.209577    -0.663117    0.742619    0.010957    -0.0931223
-0.383117    -0.174889    0.213407    -0.643556    0.735635    -0.0786026    -0.196211
-0.384784    -0.188168    0.219863    -0.643099    0.73048    -0.098036    -0.207877
-0.386493    -0.201669    0.224632    -0.657929    0.744356    -0.0513176    -0.102131
-0.388312    -0.215568    0.226884    -0.661956    0.745623    -0.0726026    -0.0242751
-0.390158    -0.22922    0.228863    -0.667905    0.739156    -0.0869011    -0.000590141
-0.391765    -0.24274    0.229109    -0.678452    0.733161    0.00594043    0.0462823
NEXT
-0.40167    -0.242043    0.229137    -0.676622    0.735071    0.0429713    -0.00257314
-0.400201    -0.228354    0.228395    -0.665328    0.743213    -0.0342806    -0.0616299
-0.398397    -0.214467    0.226602    -0.66417    0.746513    -0.0257171    -0.0305935
-0.396553    -0.200512    0.224982    -0.660498    0.743661    -0.0798186    -0.0658807
-0.394566    -0.187028    0.220532    -0.653021    0.728793    -0.160591    -0.128972
-0.392755    -0.173588    0.214277    -0.65567    0.72719    -0.144345    -0.143021
-0.391192    -0.160306    0.210724    -0.666226    0.743777    -0.00652479    -0.05381
-0.389687    -0.146657    0.210573    -0.668164    0.743663    0.017708    0.0144407
-0.388973    -0.132961    0.212166    -0.676535    0.728604    0.0357376    0.100792
-0.388689    -0.119481    0.216028    -0.652678    0.730936    0.0591593    0.190373
-0.388181    -0.10698    0.222464    -0.607474    0.704724    0.0873026    0.356003
-0.388289    -0.0957528    0.23461    -0.614615    0.662682    0.207387    0.374368
-0.38811    -0.0811464    0.246782    -0.653164    0.708551    0.183679    0.193881
NEXT
-0.398156    -0.0799671    0.246789    -0.646918    0.689049    0.207411    0.252339
-0.397584    -0.0935102    0.231796    -0.563583    0.652331    0.206255    0.463056
-0.396807    -0.103939    0.218623    -0.604909    0.720788    0.0633524    0.332372
-0.397387    -0.117392    0.214078    -0.64975    0.7482    0.0262298    0.131652
-0.398337    -0.131656    0.211054    -0.670244    0.735933    0.0310336    0.0906232
-0.399503    -0.145481    0.210011    -0.666648    0.743794    -0.0447482    0.0186761
-0.401101    -0.159349    0.210784    -0.668732    0.742362    -0.0375841    -0.016825
-0.402553    -0.172913    0.213614    -0.663537    0.728625    -0.135167    -0.102735
-0.404394    -0.186458    0.21901    -0.650947    0.727864    -0.201572    -0.0764829
-0.406623    -0.199683    0.223727    -0.654118    0.737455    -0.165494    -0.0300123
-0.408466    -0.213467    0.225928    -0.666283    0.73915    -0.0959903    0.0225919
-0.410033    -0.227469    0.227531    -0.664137    0.729864    -0.151872    0.0561723
-0.41141    -0.24128    0.228506    -0.6739    0.724112    -0.100458    0.106906
NEXT
-0.420732    -0.240571    0.226033    -0.673751    0.737575    -0.0426549    0.014929
-0.419461    -0.226617    0.225171    -0.671849    0.740149    -0.0277533    0.00526997
-0.418384    -0.212271    0.22477    -0.663504    0.747358    -0.0168977    -0.0305428
-0.416695    -0.19846    0.222251    -0.635774    0.756163    -0.111777    -0.107307
-0.414213    -0.185497    0.217336    -0.639386    0.744966    -0.16762    -0.0900817
-0.412433    -0.172037    0.213065    -0.66967    0.732083    -0.108729    -0.0614405
-0.411271    -0.158343    0.210749    -0.670887    0.739484    -0.0222232    -0.0507952
-0.409558    -0.144509    0.209719    -0.665661    0.745807    0.0126645    -0.0225164
-0.407784    -0.130929    0.21145    -0.673658    0.725826    0.132096    0.0437272
-0.406304    -0.116696    0.215026    -0.690171    0.701462    0.177548    -0.00949883
-0.40596    -0.102854    0.219131    0.695681    -0.649579    -0.302554    -0.0505659
-0.407094    -0.0921239    0.231761    0.634705    -0.591963    -0.430438    -0.248851
-0.408249    -0.0794801    0.24753    0.673138    -0.641418    -0.32375    -0.175188
NEXT
-0.418117    -0.0796954    0.249126    -0.657138    0.675573    0.227755    0.244717
-0.417352    -0.0926419    0.234513    0.638637    -0.62493    -0.353748    -0.276588
-0.416719    -0.104074    0.222194    0.688278    -0.657979    -0.248358    -0.177927
-0.416826    -0.117056    0.21608    -0.683384    0.706222    0.0699503    0.171303
-0.417739    -0.130554    0.211427    -0.670377    0.718776    0.0342802    0.181057
-0.419177    -0.14372    0.209166    -0.663154    0.737882    -0.096606    0.0801488
-0.420804    -0.157496    0.209951    -0.669347    0.728874    -0.124832    0.0716545
-0.421762    -0.17132    0.211194    -0.67175    0.717492    -0.174213    0.0600513
-0.423484    -0.184535    0.21537    -0.636584    0.720922    -0.268039    -0.0564723
-0.426312    -0.197037    0.22168    -0.638538    0.737062    -0.201374    -0.0919555
-0.428101    -0.210785    0.22474    -0.670852    0.738963    -0.0605927    0.0148344
-0.429036    -0.225452    0.224873    -0.6716    0.738745    -0.0451813    0.0341839
-0.430328    -0.239515    0.225561    -0.66973    0.74088    -0.0396942    0.0313725
-0.430859    -0.252902    0.22311    -0.662781    0.720509    0.0504692    0.197579
NEXT
-0.440565    -0.251346    0.220926    -0.660572    0.709646    0.0484115    0.240208
-0.44004    -0.238462    0.223908    -0.668316    0.736137    -0.0760601    0.0752989
-0.438653    -0.224519    0.223031    -0.672902    0.730765    -0.0992175    0.0578034
-0.437429    -0.21023    0.222114    -0.670357    0.712602    -0.189064    0.0841075
-0.43527    -0.197006    0.218255    -0.633936    0.695081    -0.339059    0.00469687
-0.432538    -0.184189    0.211887    -0.642895    0.714718    -0.27433    -0.0247213
-0.430789    -0.170579    0.207697    -0.656559    0.728695    -0.188423    0.0493078
-0.42936    -0.156744    0.206125    -0.649959    0.722507    -0.194889    0.132498
-0.427867    -0.142994    0.2057    -0.658625    0.722098    -0.140752    0.158039
-0.427245    -0.129958    0.208859    -0.673447    0.700867    0.037955    0.231984
-0.427082    -0.116825    0.214512    -0.685091    0.694301    0.121249    0.184105
-0.426985    -0.103991    0.222187    -0.657922    0.679623    0.211795    0.245747
-0.427068    -0.0915571    0.234024    -0.60951    0.679348    0.189304    0.362137
-0.427161    -0.0774994    0.246736    -0.585466    0.71239    0.0173305    0.386511
NEXT
-0.436237    -0.0744476    0.242766    -0.630319    0.723599    0.0510678    0.276566
-0.436708    -0.0901002    0.232464    -0.644684    0.684513    0.186719    0.284542
-0.436771    -0.103346    0.221597    -0.655228    0.684894    0.171485    0.268682
-0.436719    -0.116299    0.21316    -0.65627    0.695389    0.0970703    0.276266
-0.436647    -0.128952    0.206333    -0.657573    0.709239    0.0479055    0.249564
-0.437177    -0.141994    0.202811    -0.667907    0.73734    -0.0430328    0.0915315
-0.438627    -0.155754    0.202888    -0.661624    0.742142    -0.095868    0.0478336
-0.440367    -0.169485    0.204729    -0.654076    0.737587    -0.167565    0.00846453
-0.44214    -0.183371    0.208529    -0.644259    0.733323    -0.215947    -0.0231472
-0.44448    -0.19661    0.214249    -0.62301    0.739267    -0.242953    -0.0794959
-0.446789    -0.209585    0.219091    -0.647006    0.746422    -0.152663    -0.030515
-0.448353    -0.223516    0.221369    -0.663525    0.744234    -0.0763457    0.0046586
-0.449708    -0.237387    0.221877    -0.666059    0.738172    -0.0502376    0.0945742
-0.450291    -0.249972    0.218482    -0.65942    0.709898    0.058039    0.240501
NEXT
-0.45998    -0.248755    0.216141    -0.66145    0.713979    0.0516621    0.223718
-0.459218    -0.236249    0.219409    -0.664647    0.732014    -0.0671958    0.133734
-0.457988    -0.222129    0.219558    -0.661051    0.740709    -0.105521    0.0568
-0.456451    -0.20788    0.217586    -0.643841    0.752612    -0.132151    -0.0397443
-0.454106    -0.194979    0.212319    -0.616208    0.739321    -0.233648    -0.138211
-0.451701    -0.182178    0.205661    -0.642046    0.731779    -0.225236    -0.0393364
-0.449923    -0.168479    0.201822    -0.654709    0.731636    -0.186354    0.0365813
-0.44836    -0.154743    0.200265    -0.661263    0.73134    -0.135064    0.0981356
-0.446999    -0.140961    0.200469    -0.668212    0.729585    -0.0738882    0.125453
-0.446199    -0.127603    0.203646    -0.660188    0.715366    0.0302098    0.226919
-0.445964    -0.114676    0.210144    -0.629464    0.704616    0.0466583    0.324221
-0.446049    -0.101861    0.219203    -0.61205    0.687053    0.093365    0.380379
-0.446367    -0.0890663    0.230987    -0.635471    0.678045    0.167545    0.329202
-0.446113    -0.0730976    0.241512    -0.671092    0.706496    0.148521    0.168641
NEXT
-0.456389    -0.0725666    0.241303    -0.671656    0.694297    0.156195    0.205993
-0.456002    -0.0880145    0.228986    -0.635428    0.651744    0.208795    0.357635
-0.455272    -0.0999881    0.215966    -0.62696    0.67365    0.144693    0.363633
-0.455327    -0.112908    0.207148    -0.648966    0.713479    0.0582929    0.257669
-0.455911    -0.126556    0.201722    -0.669053    0.721188    0.0493023    0.172699
-0.456707    -0.140202    0.19825    -0.674763    0.728063    -0.00911976    0.120568
-0.457838    -0.153887    0.197071    -0.666694    0.730756    -0.107995    0.0992585
-0.459305    -0.1675    0.198696    -0.65302    0.734723    -0.18345    0.00964116
-0.461131    -0.18119    0.202912    -0.64472    0.731393    -0.216143    -0.0518074
-0.463582    -0.194204    0.209611    -0.630076    0.708257    -0.309338    -0.0754471
-0.466102    -0.206957    0.215553    -0.659192    0.723138    -0.205615    -0.01608
-0.467716    -0.221051    0.217719    -0.675227    0.733356    -0.0704086    0.0360637
-0.468876    -0.235261    0.217376    -0.673964    0.733613    -0.0138249    0.0859848
-0.469747    -0.247757    0.214333    -0.666583    0.718423    0.0775137    0.183106
NEXT
-0.479529    -0.246899    0.21339    -0.666907    0.721597    0.102466    0.15503
-0.4786    -0.234444    0.216171    -0.675909    0.733569    -0.0151089    0.06925
-0.477288    -0.220469    0.215811    -0.670998    0.729739    -0.127965    0.0294612
-0.475351    -0.206824    0.212322    -0.648178    0.717871    -0.252819    -0.0246609
-0.472925    -0.19371    0.206481    -0.639694    0.729572    -0.231945    -0.0686976
-0.470718    -0.18    0.201031    -0.645934    0.741925    -0.160305    -0.0813543
-0.468791    -0.166323    0.196583    -0.651622    0.743289    -0.140016    -0.0574952
-0.467286    -0.152852    0.194679    -0.666629    0.740306    -0.0599323    0.0629325
-0.466303    -0.139201    0.196323    -0.666449    0.731848    -0.00725598    0.142093
-0.465479    -0.125388    0.19963    -0.661867    0.726696    0.00683227    0.183844
-0.464824    -0.111815    0.204958    -0.664374    0.702244    0.103991    0.233768
-0.464863    -0.0991255    0.214159    -0.652324    0.657713    0.225986    0.301361
-0.465712    -0.0873231    0.227413    -0.641023    0.648869    0.232692    0.337509
-0.46639    -0.071633    0.240107    -0.656936    0.696909    0.118541    0.262098
NEXT
-0.476034    -0.0701552    0.23816    -0.654969    0.697988    0.110097    0.267762
-0.475421    -0.0863668    0.226283    -0.63769    0.670204    0.214246    0.313445
-0.474774    -0.0986453    0.213775    -0.650352    0.668325    0.240438    0.269369
-0.47467    -0.111268    0.204188    -0.664015    0.693287    0.183971    0.211167
-0.475175    -0.124304    0.198015    -0.671153    0.724667    0.0691615    0.140101
-0.476014    -0.138021    0.194861    -0.672031    0.73405    0.0245963    0.0945503
-0.477084    -0.151633    0.193893    -0.669796    0.74197    -0.028576    -0.00605862
-0.478661    -0.165201    0.195897    -0.660666    0.741442    -0.0956598    -0.0680724
-0.480609    -0.178847    0.19994    -0.653133    0.738023    -0.142368    -0.092037
-0.482697    -0.19261    0.204968    -0.645543    0.741398    -0.143814    -0.113667
-0.484889    -0.206111    0.210214    -0.648978    0.739489    -0.148715    -0.0993301
-0.486841    -0.219734    0.214069    -0.663644    0.741138    -0.090306    -0.0462199
-0.488247    -0.23354    0.215386    -0.672018    0.740493    0.00781458    0.00103454
-0.489224    -0.245859    0.213315    -0.662077    0.728885    0.141116    0.102301
-0.49019    -0.262278    0.205887    -0.649711    0.731977    0.156913    0.132142
NEXT
-0.498844    -0.244626    0.215076    -0.655883    0.728571    0.190844    0.0507971
-0.497837    -0.232383    0.216831    -0.663419    0.740701    0.0715345    -0.0782301
-0.496382    -0.218672    0.21494    -0.657612    0.737811    -0.0126332    -0.151727
-0.494596    -0.205106    0.210436    -0.650863    0.735137    -0.0799083    -0.171947
-0.492558    -0.191534    0.204918    -0.649032    0.735486    -0.107097    -0.162322
-0.490548    -0.177947    0.19933    -0.654712    0.732561    -0.129335    -0.134082
-0.48875    -0.164402    0.19506    -0.667085    0.7365    -0.0980966    -0.0542423
-0.487222    -0.150754    0.193308    -0.675516    0.736601    -0.032578    0.00594908
-0.486067    -0.137104    0.194483    -0.676545    0.730339    0.0647249    0.0685737
-0.485258    -0.123333    0.19783    -0.674561    0.721881    0.119098    0.0983391
-0.48484    -0.110238    0.204109    -0.656158    0.700605    0.20148    0.194963
-0.484838    -0.0975688    0.213613    -0.64411    0.678586    0.247771    0.251467
-0.485119    -0.0851568    0.225603    -0.644921    0.674179    0.241303    0.267047
-0.485488    -0.0691961    0.236914    -0.679246    0.681739    0.168277    0.213398
NEXT
-0.494465    -0.0696317    0.237053    0.702342    -0.658767    -0.219054    -0.157335
-0.494464    -0.0847272    0.226488    -0.652745    0.667392    0.295237    0.203368
-0.494526    -0.0969667    0.214987    -0.647397    0.668911    0.31426    0.186277
-0.494641    -0.109463    0.205446    -0.658961    0.690464    0.264224    0.138639
-0.495041    -0.122543    0.198768    -0.671924    0.716312    0.168984    0.0828269
-0.495792    -0.136193    0.19482    -0.669398    0.734241    0.0997206    0.0533999
-0.496868    -0.149854    0.193529    -0.666321    0.741777    0.0400741    -0.0646346
-0.498397    -0.163547    0.19549    -0.657068    0.739156    -0.00562091    -0.147915
-0.500298    -0.177126    0.200091    -0.653435    0.727712    -0.0769267    -0.193752
-0.502422    -0.190712    0.206048    -0.654313    0.726199    -0.0907049    -0.190477
-0.504633    -0.204312    0.21185    -0.660336    0.725554    -0.0863015    -0.173433
-0.506641    -0.217882    0.21645    -0.672615    0.72884    -0.0578194    -0.114181
-0.508251    -0.231252    0.218372    -0.674575    0.737151    0.0172752    -0.0354797
NEXT
-0.506758    -0.108256    0.207669    -0.636838    0.698725    0.254543    0.203529
-0.506112    -0.0963099    0.218303    -0.633912    0.657411    0.378144    0.152098
-0.505878    -0.0842908    0.229239    -0.654679    0.657895    0.352411    0.120261
NEXT
