-0.353516    -0.157186    0.212886    -0.62152    0.674335    0.340918    0.206294
NEXT
-0.390527    -0.256891    0.228446    -0.680015    0.728736    0.0236503    0.0772313
-0.39789    -0.219933    0.228455    -0.666754    0.738588    -0.0946408    0.0311595
-0.389521    -0.190619    0.224011    -0.651788    0.745019    -0.134681    -0.0445104
-0.369166    -0.174622    0.219877    -0.649601    0.745913    -0.0834333    -0.12113
-0.361192    -0.145465    0.207695    -0.646867    0.725437    -0.122628    -0.200667
-0.361729    -0.139083    0.204586    -0.660092    0.725254    -0.101238    -0.167441
-0.357897    -0.147024    0.20619    -0.675054    0.730959    -0.0114588    -0.0993481
-0.349562    -0.158834    0.205315    -0.678079    0.726428    0.10618    -0.0351691
NEXT
-0.383145    -0.14087    0.227817    -0.630992    0.71318    0.209992    0.221548
-0.364363    -0.168477    0.202041    0.654622    -0.63976    -0.329207    -0.232018
-0.367589    -0.170182    0.20041    -0.662555    0.669911    0.272592    0.194779
-0.364429    -0.159059    0.206637    -0.677471    0.70508    0.1908    0.0865449
-0.366261    -0.152302    0.209101    -0.683303    0.721522    0.110257    0.0186303
-0.366476    -0.159892    0.208013    -0.66994    0.73689    0.0900634    -0.00786465
-0.366067    -0.150674    0.207773    -0.663086    0.742656    0.0108306    -0.0930698
-0.364231    -0.138046    0.204424    -0.643507    0.735678    -0.0787223    -0.196162
-0.366889    -0.147083    0.209252    -0.643047    0.730524    -0.0981549    -0.207828
-0.377913    -0.180563    0.221974    -0.657889    0.74439    -0.0514431    -0.10208
-0.394178    -0.201499    0.225666    -0.661918    0.745646    -0.0727315    -0.0242252
-0.401554    -0.216264    0.227306    -0.667867    0.739175    -0.0870312    -0.000542023
-0.397624    -0.249861    0.228632    -0.678429    0.73318    0.00580768    0.0463324
NEXT
-0.395355    -0.247983    0.228725    -0.6766    0.735099    0.0428405    -0.00252135
-0.395477    -0.215028    0.227355    -0.665293    0.743242    -0.0344083    -0.0615792
-0.39712    -0.206534    0.226236    -0.664137    0.746539    -0.0258461    -0.030542
-0.39717    -0.179909    0.22279    -0.660457    0.743688    -0.0799456    -0.0658313
-0.396608    -0.146748    0.211993    -0.652967    0.728823    -0.160713    -0.128927
-0.390747    -0.133813    0.205965    -0.655617    0.727223    -0.144468    -0.142975
-0.383923    -0.152138    0.210086    -0.666195    0.743808    -0.00665302    -0.0537582
-0.389335    -0.151193    0.210417    -0.66814    0.743687    0.0175771    0.0144932
-0.398691    -0.151779    0.209825    -0.67652    0.728618    0.0356034    0.100843
-0.408663    -0.152952    0.208023    -0.65267    0.73094    0.0590247    0.190427
-0.427614    -0.16251    0.195536    -0.607482    0.704707    0.0871693    0.356057
-0.412278    -0.169231    0.197935    -0.61464    0.662671    0.207254    0.37442
-0.391461    -0.132473    0.232462    -0.653174    0.708561    0.183546    0.193936
NEXT
-0.405965    -0.141168    0.22539    -0.646935    0.689054    0.207277    0.252393
-0.434608    -0.172591    0.180368    -0.563614    0.652306    0.206126    0.46311
-0.43692    -0.15325    0.195651    -0.604912    0.720772    0.0632193    0.332427
-0.413544    -0.138396    0.210414    -0.649734    0.748209    0.0260966    0.131707
-0.407381    -0.148343    0.209163    -0.670227    0.735948    0.0309001    0.0906751
-0.408113    -0.141287    0.209484    -0.666616    0.743813    -0.0448791    0.0187264
-0.403497    -0.151491    0.21039    -0.668699    0.742386    -0.0377139    -0.0167747
-0.405384    -0.139554    0.207792    -0.663487    0.728653    -0.135292    -0.10269
-0.419369    -0.147128    0.209654    -0.650891    0.727885    -0.201697    -0.0764393
-0.423716    -0.171317    0.218011    -0.654068    0.737473    -0.165622    -0.0299664
-0.424471    -0.202256    0.22393    -0.666246    0.739165    -0.0961211    0.0226398
-0.43828    -0.212729    0.222231    -0.664095    0.729871    -0.152003    0.0562171
-0.440308    -0.241108    0.224149    -0.673868    0.724116    -0.100591    0.106951
NEXT
-0.428559    -0.236258    0.225574    -0.67372    0.737595    -0.0427862    0.0149782
-0.423846    -0.223186    0.22496    -0.671819    0.740171    -0.0278842    0.00532013
-0.415935    -0.205661    0.224475    -0.663472    0.747385    -0.0170267    -0.0304908
-0.414549    -0.167881    0.217394    -0.635726    0.756193    -0.1119    -0.107256
-0.422093    -0.148974    0.210034    -0.639332    0.74499    -0.167744    -0.090034
-0.417866    -0.147859    0.209887    -0.669626    0.732108    -0.108857    -0.0613942
-0.406607    -0.148213    0.210078    -0.670855    0.739513    -0.0223518    -0.0507449
-0.40438    -0.143372    0.20953    -0.665634    0.745835    0.0125351    -0.0224637
-0.396201    -0.155969    0.207525    -0.673651    0.725853    0.131964    0.0437812
-0.380329    -0.140267    0.208653    -0.690167    0.7015    0.177418    -0.00944721
-0.370297    -0.149172    0.200269    0.695698    -0.649617    -0.302424    -0.0506152
-0.381781    -0.174658    0.182368    0.634753    -0.591982    -0.430312    -0.248902
-0.387006    -0.14457    0.220385    0.673166    -0.641441    -0.323619    -0.175239
NEXT
-0.421118    -0.1426    0.226711    -0.657158    0.675581    0.227622    0.244769
-0.406603    -0.172157    0.194139    0.638676    -0.624941    -0.353618    -0.27664
-0.405811    -0.161222    0.203472    0.688296    -0.657997    -0.248224    -0.177975
-0.431327    -0.150319    0.209171    -0.683377    0.70623    0.0698141    0.171352
-0.439036    -0.159727    0.204573    -0.670366    0.71878    0.0341445    0.181107
-0.443682    -0.140063    0.205948    -0.66312    0.73789    -0.0967384    0.0801967
-0.447825    -0.148861    0.205742    -0.669309    0.728882    -0.124964    0.0716998
-0.45365    -0.154358    0.204335    -0.671706    0.717499    -0.174345    0.0600933
-0.449331    -0.138668    0.200295    -0.636521    0.720935    -0.268161    -0.0564311
-0.438341    -0.155578    0.211815    -0.63848    0.737084    -0.201497    -0.09191
-0.438297    -0.203788    0.223905    -0.670818    0.738982    -0.0607237    0.0148833
-0.44003    -0.223336    0.224176    -0.67157    0.738762    -0.0453131    0.0342332
-0.44017    -0.237802    0.224995    -0.6697    0.740897    -0.0398258    0.0314225
-0.452517    -0.286333    0.214742    -0.662774    0.720511    0.0503337    0.19763
NEXT
-0.468138    -0.28992    0.208863    -0.660568    0.709643    0.0482754    0.240258
-0.461168    -0.237295    0.221558    -0.668284    0.736148    -0.0761929    0.075347
-0.460327    -0.217764    0.220333    -0.672867    0.730776    -0.0993498    0.0578497
-0.474635    -0.194528    0.213482    -0.670313    0.712604    -0.189196    0.0841484
-0.478773    -0.150435    0.195183    -0.633868    0.695082    -0.339182    0.00473238
-0.46414    -0.141766    0.196643    -0.642833    0.714728    -0.274455    -0.0246815
-0.462581    -0.149562    0.20004    -0.656512    0.728701    -0.188552    0.0493516
-0.473702    -0.145775    0.194944    -0.649916    0.722502    -0.19502    0.132541
-0.469094    -0.143454    0.19667    -0.658591    0.722094    -0.140886    0.158084
-0.454515    -0.166494    0.197742    -0.67344    0.700865    0.0378182    0.232032
-0.435899    -0.158858    0.20473    -0.685092    0.694311    0.121113    0.184154
-0.432385    -0.165087    0.201076    -0.657939    0.679629    0.211661    0.245799
-0.45306    -0.161392    0.20056    -0.609532    0.679336    0.189172    0.362192
-0.480067    -0.12519    0.216713    -0.585466    0.712364    0.0171983    0.386565
NEXT
-0.469692    -0.116668    0.226869    -0.630316    0.72359    0.0509333    0.276619
-0.451453    -0.152319    0.209232    -0.6447    0.684512    0.186585    0.284594
-0.450968    -0.162015    0.201212    -0.655242    0.684895    0.17135    0.268734
-0.462264    -0.16603    0.195943    -0.656274    0.695384    0.0969343    0.276316
-0.46561    -0.168538    0.193349    -0.657569    0.709234    0.0477695    0.249614
-0.456287    -0.147844    0.200696    -0.66788    0.73735    -0.0431662    0.091581
-0.458277    -0.147823    0.200523    -0.661588    0.742154    -0.0959992    0.0478822
-0.463399    -0.145842    0.199029    -0.654028    0.7376    -0.167694    0.00851037
-0.466434    -0.148685    0.199024    -0.644204    0.733336    -0.216073    -0.023103
-0.462863    -0.150752    0.20111    -0.622947    0.739285    -0.243075    -0.0794507
-0.461858    -0.182813    0.214178    -0.646957    0.74644    -0.15279    -0.0304671
-0.459051    -0.212737    0.220137    -0.663488    0.744253    -0.0764758    0.00470802
-0.470238    -0.242534    0.219523    -0.666031    0.738181    -0.0503709    0.0946236
-0.476658    -0.289898    0.206184    -0.659417    0.709895    0.057903    0.240551
NEXT
-0.484967    -0.285694    0.205538    -0.661444    0.713978    0.0515262    0.223769
-0.487604    -0.244154    0.214864    -0.66462    0.732017    -0.0673299    0.133783
-0.480226    -0.213973    0.216619    -0.661015    0.74072    -0.105652    0.0568481
-0.467355    -0.182838    0.213711    -0.643795    0.752632    -0.132278    -0.0396946
-0.462328    -0.143367    0.19751    -0.616143    0.739347    -0.233766    -0.138165
-0.474729    -0.144131    0.195132    -0.641989    0.731793    -0.225361    -0.0392927
-0.47954    -0.145968    0.194534    -0.654661    0.731643    -0.186484    0.0366257
-0.480439    -0.147934    0.194615    -0.661226    0.731343    -0.135197    0.0981814
-0.475042    -0.146913    0.196156    -0.668184    0.729589    -0.0740223    0.1255
-0.474539    -0.161856    0.193093    -0.660179    0.715363    0.0300739    0.226969
-0.485642    -0.162037    0.188611    -0.629464    0.704601    0.0465234    0.324272
-0.48675    -0.161223    0.188457    -0.61206    0.687034    0.0932313    0.380431
-0.46958    -0.153595    0.20363    -0.635488    0.678038    0.167411    0.329253
-0.449877    -0.116684    0.231341    -0.671095    0.706509    0.148386    0.168693
NEXT
-0.46388    -0.121892    0.227863    -0.671663    0.694305    0.156059    0.206044
-0.475947    -0.16065    0.194622    -0.635453    0.651735    0.208662    0.357685
-0.485981    -0.165049    0.185268    -0.626976    0.673636    0.144559    0.363684
-0.484392    -0.154638    0.193114    -0.648964    0.713474    0.0581574    0.25772
-0.474087    -0.156745    0.195199    -0.669044    0.721194    0.0491669    0.17275
-0.475357    -0.155114    0.195254    -0.674742    0.728072    -0.00925443    0.120617
-0.486607    -0.151307    0.192692    -0.66666    0.730761    -0.108128    0.0993049
-0.484542    -0.141771    0.19187    -0.652971    0.734734    -0.183579    0.00968613
-0.481285    -0.142861    0.192956    -0.644663    0.73141    -0.216268    -0.0517636
-0.491737    -0.140846    0.189257    -0.630006    0.70827    -0.309459    -0.0754087
-0.490752    -0.175066    0.206971    -0.659139    0.723151    -0.205742    -0.0160377
-0.482386    -0.215559    0.216401    -0.675193    0.733372    -0.0705406    0.0361113
-0.48323    -0.244789    0.215796    -0.673941    0.733626    -0.0139586    0.0860345
-0.485598    -0.283272    0.206367    -0.666578    0.718429    0.0773783    0.183157
NEXT
-0.488111    -0.282331    0.206423    -0.666903    0.721608    0.102332    0.155082
-0.490677    -0.241554    0.215101    -0.675884    0.733584    -0.0152422    0.0692995
-0.498632    -0.205711    0.212291    -0.670957    0.729752    -0.128096    0.0295064
-0.50445    -0.167295    0.199338    -0.648118    0.717882    -0.252945    -0.0246203
-0.492438    -0.151044    0.1947    -0.639634    0.729589    -0.232068    -0.0686542
-0.479218    -0.145671    0.194493    -0.645882    0.741949    -0.16043    -0.0813071
-0.478353    -0.137984    0.191925    -0.651574    0.743311    -0.140143    -0.0574475
-0.484457    -0.152337    0.193093    -0.666599    0.740319    -0.0600646    0.0629819
-0.48793    -0.157047    0.192199    -0.66643    0.731854    -0.00739063    0.142144
-0.491157    -0.150685    0.192784    -0.661853    0.726697    0.006697    0.183895
-0.483701    -0.157451    0.191792    -0.664376    0.702246    0.103855    0.233819
-0.474883    -0.168139    0.185711    -0.652348    0.657712    0.225852    0.301411
-0.479542    -0.160759    0.193728    -0.64105    0.648864    0.232558    0.337559
-0.487215    -0.122556    0.223477    -0.656942    0.696907    0.118405    0.262149
NEXT
-0.498858    -0.120563    0.221311    -0.654974    0.697985    0.109961    0.267813
-0.489975    -0.155028    0.197371    -0.637712    0.670201    0.214112    0.313497
-0.479368    -0.165789    0.187626    -0.650374    0.66833    0.240304    0.269421
-0.47938    -0.16479    0.188428    -0.664026    0.693296    0.183836    0.211219
-0.486059    -0.153102    0.193057    -0.671144    0.724678    0.0690268    0.140153
-0.486451    -0.154308    0.192876    -0.672013    0.734065    0.0244626    0.0946016
-0.479875    -0.14655    0.193647    -0.669765    0.741994    -0.0287063    -0.00600814
-0.481068    -0.14199    0.193064    -0.660623    0.741468    -0.0957867    -0.0680239
-0.485483    -0.145778    0.194115    -0.653083    0.738049    -0.142493    -0.0919901
-0.484274    -0.156578    0.198173    -0.645491    0.741427    -0.143937    -0.113619
-0.489367    -0.171191    0.203743    -0.648926    0.739516    -0.148839    -0.099283
-0.491846    -0.200179    0.211939    -0.663603    0.741162    -0.0904341    -0.0461714
-0.487224    -0.234801    0.215307    -0.671992    0.740517    0.00768383    0.00108603
-0.485326    -0.279943    0.20718    -0.662075    0.728906    0.140984    0.102357
-0.489019    -0.302387    0.197412    -0.649713    0.731993    0.15678    0.132199
NEXT
-0.481086    -0.279064    0.207217    -0.655883    0.728601    0.190715    0.0508548
-0.47663    -0.232567    0.21452    -0.663396    0.74074    0.0714077    -0.0781758
-0.475525    -0.196819    0.210236    -0.657574    0.737854    -0.0127564    -0.151676
-0.479583    -0.170941    0.203174    -0.650815    0.735178    -0.0800298    -0.171898
-0.482446    -0.154678    0.19728    -0.648981    0.735523    -0.107219    -0.162274
-0.4877    -0.141409    0.192311    -0.654661    0.732594    -0.129458    -0.134036
-0.493709    -0.142683    0.192468    -0.667042    0.736525    -0.0982245    -0.0541949
-0.492362    -0.146726    0.193011    -0.675485    0.736623    -0.0327091    0.00599838
-0.487188    -0.155805    0.192629    -0.676531    0.730359    0.0645918    0.0686257
-0.483251    -0.153763    0.192984    -0.674556    0.721901    0.118965    0.0983922
-0.48558    -0.164024    0.188313    -0.65617    0.700617    0.201347    0.195017
-0.48691    -0.163558    0.18861    -0.644132    0.678593    0.247638    0.251522
-0.489867    -0.152105    0.199615    -0.644944    0.674184    0.24117    0.267101
-0.491592    -0.121094    0.222062    -0.679256    0.681747    0.168141    0.213447
NEXT
-0.484291    -0.120558    0.222425    0.702355    -0.658786    -0.218919    -0.157382
-0.48293    -0.150652    0.20071    -0.65277    0.667408    0.295106    0.203422
-0.478618    -0.163097    0.188227    -0.647424    0.66893    0.31413    0.186332
-0.478825    -0.164192    0.187568    -0.658977    0.690487    0.264093    0.138694
-0.484061    -0.157852    0.19161    -0.671924    0.716337    0.168851    0.0828812
-0.490145    -0.157954    0.192185    -0.669387    0.734265    0.0995886    0.0534541
-0.481801    -0.147154    0.192297    -0.666295    0.741812    0.0399463    -0.0645814
-0.477131    -0.143247    0.191034    -0.657031    0.739198    -0.00574427    -0.147863
-0.482013    -0.140578    0.191323    -0.653387    0.727755    -0.0770472    -0.193704
-0.48649    -0.152579    0.19707    -0.654263    0.726241    -0.0908255    -0.19043
-0.49073    -0.16885    0.20427    -0.660288    0.725594    -0.0864235    -0.173386
-0.497645    -0.194059    0.213101    -0.672574    0.728876    -0.0579453    -0.114134
-0.500563    -0.228976    0.217991    -0.674548    0.737181    0.0171457    -0.0354284
NEXT
-0.502641    -0.169718    0.186348    -0.636858    0.698738    0.254412    0.203586
-0.478028    -0.165283    0.185038    -0.633945    0.657438    0.378018    0.152155
-0.475422    -0.146375    0.201451    -0.654707    0.657926    0.352283    0.120315
NEXT
