-0.368066    -0.0855668    0.144682    -0.62152    0.674335    0.340918    0.206294
NEXT
-0.382487    -0.24294    0.129751    -0.680015    0.728736    0.0236503    0.0772313
-0.380666    -0.229758    0.13044    -0.666754    0.738588    -0.0946408    0.0311595
-0.378596    -0.216489    0.128035    -0.651788    0.745019    -0.134681    -0.0445104
-0.376397    -0.202806    0.124204    -0.649601    0.745913    -0.0834333    -0.12113
-0.374441    -0.189218    0.118756    -0.646867    0.725437    -0.122628    -0.200667
-0.372651    -0.175873    0.112243    -0.660092    0.725254    -0.101238    -0.167441
-0.370874    -0.162112    0.10819    -0.675054    0.730959    -0.0114588    -0.0993481
-0.369071    -0.148177    0.107817    -0.678079    0.726428    0.10618    -0.0351691
NEXT
-0.378043    -0.0829601    0.146461    -0.630992    0.71318    0.209992    0.221548
-0.377777    -0.0959776    0.134476    0.654622    -0.63976    -0.329207    -0.232018
-0.377614    -0.107849    0.122858    -0.662555    0.669911    0.272592    0.194779
-0.378077    -0.120427    0.115416    -0.677471    0.70508    0.1908    0.0865449
-0.37864    -0.133846    0.111602    -0.683303    0.721522    0.110257    0.0186303
-0.379703    -0.147672    0.109647    -0.66994    0.73689    0.0900634    -0.00786465
-0.381327    -0.161408    0.109528    -0.663086    0.742656    0.0108306    -0.0930698
-0.382961    -0.174875    0.11336    -0.643507    0.735678    -0.0787223    -0.196162
-0.38463    -0.188153    0.119817    -0.643047    0.730524    -0.0981549    -0.207828
-0.386342    -0.201653    0.124587    -0.657889    0.74439    -0.0514431    -0.10208
-0.388162    -0.215552    0.126841    -0.661918    0.745646    -0.0727315    -0.0242252
-0.39001    -0.229203    0.128821    -0.667867    0.739175    -0.0870312    -0.000542023
-0.391618    -0.242723    0.129068    -0.678429    0.73318    0.00580768    0.0463324
NEXT
-0.401523    -0.242025    0.129094    -0.6766    0.735099    0.0428405    -0.00252135
-0.400053    -0.228336    0.128351    -0.665293    0.743242    -0.0344083    -0.0615792
-0.398247    -0.21445    0.126557    -0.664137    0.746539    -0.0258461    -0.030542
-0.396402    -0.200495    0.124935    -0.660457    0.743688    -0.0799456    -0.0658313
-0.394413    -0.187012    0.120484    -0.652967    0.728823    -0.160713    -0.128927
-0.392599    -0.173573    0.114228    -0.655617    0.727223    -0.144468    -0.142975
-0.391034    -0.160291    0.110673    -0.666195    0.743808    -0.00665302    -0.0537582
-0.389528    -0.146642    0.110521    -0.66814    0.743687    0.0175771    0.0144932
-0.388814    -0.132946    0.112112    -0.67652    0.728618    0.0356034    0.100843
-0.38853    -0.119466    0.115973    -0.65267    0.73094    0.0590247    0.190427
-0.388022    -0.106964    0.122408    -0.607482    0.704707    0.0871693    0.356057
-0.388133    -0.0957353    0.134552    -0.61464    0.662671    0.207254    0.37442
-0.387955    -0.0811274    0.146722    -0.653174    0.708561    0.183546    0.193936
NEXT
-0.398002    -0.0799474    0.146726    -0.646935    0.689054    0.207277    0.252393
-0.397427    -0.0934924    0.131736    -0.563614    0.652306    0.206126    0.46311
-0.396647    -0.103922    0.118564    -0.604912    0.720772    0.0632193    0.332427
-0.397227    -0.117376    0.11402    -0.649734    0.748209    0.0260966    0.131707
-0.398177    -0.131641    0.110998    -0.670227    0.735948    0.0309001    0.0906751
-0.399344    -0.145466    0.109957    -0.666616    0.743813    -0.0448791    0.0187264
-0.400943    -0.159334    0.110731    -0.668699    0.742386    -0.0377139    -0.0167747
-0.402396    -0.172897    0.113562    -0.663487    0.728653    -0.135292    -0.10269
-0.40424    -0.186441    0.118959    -0.650891    0.727885    -0.201697    -0.0764393
-0.406471    -0.199665    0.123677    -0.654068    0.737473    -0.165622    -0.0299664
-0.408316    -0.213449    0.12588    -0.666246    0.739165    -0.0961211    0.0226398
-0.409885    -0.227451    0.127484    -0.664095    0.729871    -0.152003    0.0562171
-0.411262    -0.241262    0.12846    -0.673868    0.724116    -0.100591    0.106951
NEXT
-0.420584    -0.240552    0.125985    -0.67372    0.737595    -0.0427862    0.0149782
-0.419312    -0.226599    0.125121    -0.671819    0.740171    -0.0278842    0.00532013
-0.418234    -0.212252    0.124719    -0.663472    0.747385    -0.0170267    -0.0304908
-0.416543    -0.198442    0.122199    -0.635726    0.756193    -0.1119    -0.107256
-0.414059    -0.18548    0.117283    -0.639332    0.74499    -0.167744    -0.090034
-0.412277    -0.172021    0.113011    -0.669626    0.732108    -0.108857    -0.0613942
-0.411113    -0.158327    0.110693    -0.670855    0.739513    -0.0223518    -0.0507449
-0.409399    -0.144493    0.109662    -0.665634    0.745835    0.0125351    -0.0224637
-0.407624    -0.130913    0.111391    -0.673651    0.725853    0.131964    0.0437812
-0.406144    -0.116679    0.114966    -0.690167    0.7015    0.177418    -0.00944721
-0.4058    -0.102837    0.119069    0.695698    -0.649617    -0.302424    -0.0506152
-0.406936    -0.0921054    0.131698    0.634753    -0.591982    -0.430312    -0.248902
-0.408094    -0.0794596    0.147465    0.673166    -0.641441    -0.323619    -0.175239
NEXT
-0.417963    -0.079674    0.149058    -0.657158    0.675581    0.227622    0.244769
-0.417195    -0.0926224    0.134447    0.638676    -0.624941    -0.353618    -0.27664
-0.41656    -0.104056    0.12213    0.688296    -0.657997    -0.248224    -0.177975
-0.416666    -0.117038    0.116018    -0.683377    0.70623    0.0698141    0.171352
-0.417579    -0.130537    0.111366    -0.670366    0.71878    0.0341445    0.181107
-0.419017    -0.143703    0.109106    -0.66312    0.73789    -0.0967384    0.0801967
-0.420645    -0.15748    0.109893    -0.669309    0.728882    -0.124964    0.0716998
-0.421605    -0.171303    0.111136    -0.671706    0.717499    -0.174345    0.0600933
-0.423329    -0.184518    0.115314    -0.636521    0.720935    -0.268161    -0.0564311
-0.426159    -0.197018    0.121625    -0.63848    0.737084    -0.201497    -0.09191
-0.42795    -0.210766    0.124687    -0.670818    0.738982    -0.0607237    0.0148833
-0.428886    -0.225433    0.124821    -0.67157    0.738762    -0.0453131    0.0342332
-0.43018    -0.239495    0.12551    -0.6697    0.740897    -0.0398258    0.0314225
-0.43071    -0.252883    0.123061    -0.662774    0.720511    0.0503337    0.19763
NEXT
-0.440417    -0.251327    0.120874    -0.660568    0.709643    0.0482754    0.240258
-0.439891    -0.238442    0.123855    -0.668284    0.736148    -0.0761929    0.075347
-0.438503    -0.224499    0.122977    -0.672867    0.730776    -0.0993498    0.0578497
-0.437278    -0.210211    0.122057    -0.670313    0.712604    -0.189196    0.0841484
-0.435116    -0.196987    0.118197    -0.633868    0.695082    -0.339182    0.00473238
-0.432382    -0.184171    0.111829    -0.642833    0.714728    -0.274455    -0.0246815
-0.430631    -0.170561    0.107638    -0.656512    0.728701    -0.188552    0.0493516
-0.429201    -0.156727    0.106064    -0.649916    0.722502    -0.19502    0.132541
-0.427706    -0.142978    0.105638    -0.658591    0.722094    -0.140886    0.158084
-0.427084    -0.129941    0.108795    -0.67344    0.700865    0.0378182    0.232032
-0.426922    -0.116807    0.114447    -0.685092    0.694311    0.121113    0.184154
-0.426826    -0.103973    0.12212    -0.657939    0.679629    0.211661    0.245799
-0.426911    -0.0915369    0.133955    -0.609532    0.679336    0.189172    0.362192
-0.427006    -0.0774776    0.146666    -0.585466    0.712364    0.0171983    0.386565
NEXT
-0.436081    -0.0744256    0.142693    -0.630316    0.72359    0.0509333    0.276619
-0.43655    -0.0900795    0.132393    -0.6447    0.684512    0.186585    0.284594
-0.436612    -0.103326    0.121528    -0.655242    0.684895    0.17135    0.268734
-0.436558    -0.116281    0.113092    -0.656274    0.695384    0.0969343    0.276316
-0.436486    -0.128935    0.106267    -0.657569    0.709234    0.0477695    0.249614
-0.437015    -0.141977    0.102746    -0.66788    0.73735    -0.0431662    0.091581
-0.438467    -0.155737    0.102824    -0.661588    0.742154    -0.0959992    0.0478822
-0.440208    -0.169467    0.104667    -0.654028    0.7376    -0.167694    0.00851037
-0.441983    -0.183353    0.108468    -0.644204    0.733336    -0.216073    -0.023103
-0.444325    -0.196591    0.114189    -0.622947    0.739285    -0.243075    -0.0794507
-0.446636    -0.209565    0.119032    -0.646957    0.74644    -0.15279    -0.0304671
-0.448202    -0.223496    0.121311    -0.663488    0.744253    -0.0764758    0.00470802
-0.449559    -0.237366    0.121822    -0.666031    0.738181    -0.0503709    0.0946236
-0.450141    -0.249952    0.118428    -0.659417    0.709895    0.057903    0.240551
NEXT
-0.45983    -0.248734    0.116084    -0.661444    0.713978    0.0515262    0.223769
-0.459068    -0.236229    0.11935    -0.66462    0.732017    -0.0673299    0.133783
-0.457837    -0.222109    0.119498    -0.661015    0.74072    -0.105652    0.0568481
-0.456298    -0.20786    0.117525    -0.643795    0.752632    -0.132278    -0.0396946
-0.453951    -0.19496    0.112257    -0.616143    0.739347    -0.233766    -0.138165
-0.451544    -0.18216    0.105598    -0.641989    0.731793    -0.225361    -0.0392927
-0.449764    -0.168461    0.101757    -0.654661    0.731643    -0.186484    0.0366257
-0.448199    -0.154725    0.100199    -0.661226    0.731343    -0.135197    0.0981814
-0.446838    -0.140943    0.100402    -0.668184    0.729589    -0.0740223    0.1255
-0.446037    -0.127586    0.103577    -0.660179    0.715363    0.0300739    0.226969
-0.445803    -0.114657    0.110073    -0.629464    0.704601    0.0465234    0.324272
-0.445889    -0.101841    0.119131    -0.61206    0.687034    0.0932313    0.380431
-0.446209    -0.0890451    0.130914    -0.635488    0.678038    0.167411    0.329253
-0.445956    -0.073075    0.141437    -0.671095    0.706509    0.148386    0.168693
NEXT
-0.456233    -0.0725434    0.141225    -0.671663    0.694305    0.156059    0.206044
-0.455843    -0.0879929    0.12891    -0.635453    0.651735    0.208662    0.357685
-0.455111    -0.0999681    0.115891    -0.626976    0.673636    0.144559    0.363684
-0.455165    -0.112889    0.107075    -0.648964    0.713474    0.0581574    0.25772
-0.455749    -0.126538    0.101651    -0.669044    0.721194    0.0491669    0.17275
-0.456544    -0.140184    0.0981803    -0.674742    0.728072    -0.00925443    0.120617
-0.457676    -0.15387    0.0970028    -0.66666    0.730761    -0.108128    0.0993049
-0.459145    -0.167482    0.0986291    -0.652971    0.734734    -0.183579    0.00968613
-0.460973    -0.181171    0.102846    -0.644663    0.73141    -0.216268    -0.0517636
-0.463426    -0.194184    0.109546    -0.630006    0.70827    -0.309459    -0.0754087
-0.465949    -0.206936    0.115489    -0.659139    0.723151    -0.205742    -0.0160377
-0.467564    -0.221029    0.117657    -0.675193    0.733372    -0.0705406    0.0361113
-0.468725    -0.23524    0.117315    -0.673941    0.733626    -0.0139586    0.0860345
-0.469596    -0.247736    0.114273    -0.666578    0.718429    0.0773783    0.183157
NEXT
-0.479379    -0.246877    0.113328    -0.666903    0.721608    0.102332    0.155082
-0.478449    -0.234422    0.116108    -0.675884    0.733584    -0.0152422    0.0692995
-0.477136    -0.220447    0.115747    -0.670957    0.729752    -0.128096    0.0295064
-0.475197    -0.206803    0.112256    -0.648118    0.717882    -0.252945    -0.0246203
-0.472768    -0.19369    0.106414    -0.639634    0.729589    -0.232068    -0.0686542
-0.470559    -0.179981    0.100963    -0.645882    0.741949    -0.16043    -0.0813071
-0.46863    -0.166304    0.0965131    -0.651574    0.743311    -0.140143    -0.0574475
-0.467124    -0.152833    0.0946077    -0.666599    0.740319    -0.0600646    0.0629819
-0.46614    -0.139183    0.0962511    -0.66643    0.731854    -0.00739063    0.142144
-0.465316    -0.12537    0.0995565    -0.661853    0.726697    0.006697    0.183895
-0.464661    -0.111796    0.104883    -0.664376    0.702246    0.103855    0.233819
-0.464702    -0.0991051    0.114082    -0.652348    0.657712    0.225852    0.301411
-0.465553    -0.0873009    0.127334    -0.64105    0.648864    0.232558    0.337559
-0.466233    -0.0716092    0.140026    -0.656942    0.696907    0.118405    0.262149
NEXT
-0.475876    -0.070131    0.138076    -0.654974    0.697985    0.109961    0.267813
-0.475262    -0.0863441    0.126202    -0.637712    0.670201    0.214112    0.313497
-0.474613    -0.0986241    0.113695    -0.650374    0.66833    0.240304    0.269421
-0.474507    -0.111248    0.10411    -0.664026    0.693296    0.183836    0.211219
-0.475012    -0.124285    0.0979382    -0.671144    0.724678    0.0690268    0.140153
-0.47585    -0.138002    0.0947859    -0.672013    0.734065    0.0244626    0.0946016
-0.476921    -0.151615    0.0938195    -0.669765    0.741994    -0.0287063    -0.00600814
-0.478499    -0.165182    0.0958247    -0.660623    0.741468    -0.0957867    -0.0680239
-0.48045    -0.178827    0.0998687    -0.653083    0.738049    -0.142493    -0.0919901
-0.48254    -0.19259    0.104898    -0.645491    0.741427    -0.143937    -0.113619
-0.484734    -0.20609    0.110145    -0.648926    0.739516    -0.148839    -0.099283
-0.486688    -0.219712    0.114001    -0.663603    0.741162    -0.0904341    -0.0461714
-0.488096    -0.233517    0.11532    -0.671992    0.740517    0.00768383    0.00108603
-0.489073    -0.245836    0.113251    -0.662075    0.728906    0.140984    0.102357
-0.490038    -0.262256    0.105824    -0.649713    0.731993    0.15678    0.132199
NEXT
-0.498693    -0.244603    0.115009    -0.655883    0.728601    0.190715    0.0508548
-0.497686    -0.23236    0.116762    -0.663396    0.74074    0.0714077    -0.0781758
-0.49623    -0.218649    0.11487    -0.657574    0.737854    -0.0127564    -0.151676
-0.494441    -0.205083    0.110365    -0.650815    0.735178    -0.0800298    -0.171898
-0.492401    -0.191513    0.104846    -0.648981    0.735523    -0.107219    -0.162274
-0.490388    -0.177926    0.0992562    -0.654661    0.732594    -0.129458    -0.134036
-0.488588    -0.164382    0.0949851    -0.667042    0.736525    -0.0982245    -0.0541949
-0.487059    -0.150734    0.0932319    -0.675485    0.736623    -0.0327091    0.00599838
-0.485903    -0.137085    0.0944054    -0.676531    0.730359    0.0645918    0.0686257
-0.485095    -0.123313    0.0977507    -0.674556    0.721901    0.118965    0.0983922
-0.484677    -0.110217    0.104028    -0.65617    0.700617    0.201347    0.195017
-0.484676    -0.0975469    0.113531    -0.644132    0.678593    0.247638    0.251522
-0.48496    -0.0851334    0.12552    -0.644944    0.674184    0.24117    0.267101
-0.48533    -0.0691712    0.136828    -0.679256    0.681747    0.168141    0.213447
NEXT
-0.494307    -0.0696063    0.136965    0.702355    -0.658786    -0.218919    -0.157382
-0.494305    -0.084703    0.126401    -0.65277    0.667408    0.295106    0.203422
-0.494364    -0.096944    0.114902    -0.647424    0.66893    0.31413    0.186332
-0.494478    -0.109442    0.105363    -0.658977    0.690487    0.264093    0.138694
-0.494878    -0.122523    0.0986862    -0.671924    0.716337    0.168851    0.0828812
-0.495628    -0.136173    0.09474    -0.669387    0.734265    0.0995886    0.0534541
-0.496705    -0.149834    0.0934506    -0.666295    0.741812    0.0399463    -0.0645814
-0.498236    -0.163526    0.0954128    -0.657031    0.739198    -0.00574427    -0.147863
-0.500139    -0.177105    0.100015    -0.653387    0.727755    -0.0770472    -0.193704
-0.502265    -0.19069    0.105973    -0.654263    0.726241    -0.0908255    -0.19043
-0.504479    -0.204288    0.111776    -0.660288    0.725594    -0.0864235    -0.173386
-0.506488    -0.217858    0.116377    -0.672574    0.728876    -0.0579453    -0.114134
-0.5081    -0.231227    0.118301    -0.674548    0.737181    0.0171457    -0.0354284
NEXT
-0.506595    -0.108233    0.107583    -0.636858    0.698738    0.254412    0.203586
-0.505952    -0.0962859    0.118216    -0.633945    0.657438    0.378018    0.152155
-0.505719    -0.0842654    0.12915    -0.654707    0.657926    0.352283    0.120315
NEXT
