-0.663608    -0.259739    0.273222    0.483386    0.707925    -0.0230091    -0.267537
-0.664288    -0.254143    0.275264    0.483205    0.707345    -0.0251803    -0.269992
-0.664959    -0.248241    0.277418    0.483065    0.707076    -0.0271803    -0.271161
-0.665701    -0.24208    0.279649    0.483106    0.707445    -0.0278724    -0.269709
-0.654751    -0.26468    0.268375    0.483549    0.708694    -0.0212565    -0.264296
-0.655325    -0.258854    0.270341    0.483484    0.708983    -0.0243558    -0.263291
-0.655838    -0.252851    0.272337    0.483386    0.708414    -0.0251043    -0.265658
-0.656303    -0.246699    0.274403    0.48328    0.707819    -0.0254369    -0.268093
-0.656744    -0.240401    0.276568    0.483265    0.707397    -0.0238345    -0.269714
-0.657173    -0.233958    0.27882    0.483385    0.707804    -0.0224442    -0.267995
-0.657612    -0.227378    0.281039    0.483477    0.708635    -0.0233877    -0.264666
-0.658054    -0.220673    0.283216    0.483493    0.70896    -0.0240345    -0.263369
-0.658458    -0.213892    0.285383    0.483497    0.709048    -0.0241782    -0.263012
NEXT
-0.65177    -0.185389    0.291725    0.483527    0.709042    -0.0233031    -0.26299
-0.651629    -0.192357    0.289544    0.483534    0.708557    -0.0211226    -0.264851
-0.651497    -0.199255    0.287299    0.483524    0.708192    -0.0194815    -0.266232
-0.651344    -0.206094    0.285091    0.483564    0.708839    -0.0213611    -0.263708
-0.651153    -0.21288    0.282983    0.483572    0.709318    -0.0227786    -0.261822
-0.650943    -0.219621    0.280904    0.483587    0.709333    -0.0223491    -0.261735
-0.650722    -0.226315    0.27882    0.483607    0.709067    -0.0206573    -0.262727
-0.650516    -0.232907    0.276659    0.483539    0.708106    -0.0179699    -0.266475
-0.650322    -0.239388    0.27443    0.483486    0.707868    -0.0188443    -0.267504
-0.650066    -0.245782    0.272299    0.483534    0.70868    -0.02177    -0.264385
-0.64974    -0.2521    0.270275    0.48357    0.709252    -0.0226477    -0.262087
-0.649359    -0.258368    0.268285    0.483577    0.709524    -0.0231304    -0.260988
-0.648948    -0.264568    0.266283    0.483571    0.708711    -0.0205255    -0.264182
NEXT
-0.64367    -0.270865    0.262244    0.483346    0.707021    -0.0180159    -0.270855
-0.643833    -0.264442    0.264412    0.483441    0.708191    -0.0226434    -0.266436
-0.644095    -0.257981    0.266446    0.483446    0.709066    -0.0256204    -0.263011
-0.644359    -0.251527    0.268447    0.483465    0.708929    -0.0247451    -0.263531
-0.644583    -0.245094    0.270462    0.483478    0.708497    -0.0228577    -0.265201
-0.644726    -0.238631    0.272582    0.483426    0.707582    -0.0193188    -0.26869
-0.644794    -0.232117    0.2748    0.483456    0.707704    -0.0189685    -0.268176
-0.644876    -0.225513    0.276932    0.483551    0.708825    -0.0217288    -0.263789
-0.644982    -0.218825    0.278972    0.483579    0.709315    -0.0225339    -0.26182
-0.645091    -0.212108    0.281005    0.483589    0.709393    -0.0224426    -0.261491
-0.645196    -0.20536    0.283068    0.483581    0.708954    -0.0211225    -0.263222
-0.645282    -0.198563    0.285227    0.483537    0.708308    -0.0196426    -0.265769
-0.645362    -0.191709    0.287426    0.483536    0.708602    -0.0213361    -0.264681
-0.64546    -0.184787    0.289573    0.483546    0.709106    -0.0229805    -0.262706
-0.645555    -0.177856    0.29169    0.483563    0.709057    -0.0222451    -0.262866
-0.645628    -0.170975    0.293803    0.48358    0.709005    -0.0213877    -0.263028
-0.645676    -0.164163    0.295915    0.483596    0.708857    -0.0201369    -0.263557
-0.645693    -0.15743    0.29803    0.483604    0.708683    -0.0188455    -0.26418
-0.645671    -0.150759    0.300158    0.483561    0.708294    -0.0182605    -0.265729
-0.645611    -0.14414    0.302289    0.483494    0.708119    -0.0203299    -0.266585
-0.645524    -0.137553    0.304299    0.483454    0.708762    -0.0245288    -0.264208
NEXT
-0.638179    -0.0989092    0.313214    0.483568    0.708511    -0.0194579    -0.264928
-0.638504    -0.104804    0.311513    0.483539    0.709003    -0.0228413    -0.263126
-0.638763    -0.111091    0.309759    0.483442    0.708976    -0.025452    -0.263375
-0.638984    -0.117516    0.307902    0.48338    0.708132    -0.0241236    -0.266756
-0.639173    -0.123978    0.305938    0.483389    0.708003    -0.0233061    -0.267237
-0.639296    -0.1305    0.303984    0.483391    0.708573    -0.0255201    -0.265029
-0.639349    -0.137083    0.302059    0.483357    0.708563    -0.0262976    -0.265106
-0.639379    -0.143698    0.300069    0.483436    0.708387    -0.0236339    -0.265692
-0.639396    -0.150337    0.29801    0.483564    0.708629    -0.0203616    -0.264504
-0.639408    -0.156997    0.295919    0.483602    0.70869    -0.018968    -0.26416
-0.639411    -0.163692    0.29381    0.483592    0.708756    -0.0197552    -0.263942
-0.639393    -0.170461    0.291703    0.483578    0.708876    -0.0209668    -0.263533
-0.639355    -0.177295    0.289596    0.483557    0.708914    -0.0219033    -0.263435
-0.6393    -0.184181    0.287487    0.483539    0.708963    -0.0226699    -0.263277
-0.639243    -0.191062    0.285361    0.483531    0.708616    -0.0215551    -0.264637
-0.639197    -0.197881    0.283203    0.483542    0.708453    -0.0202838    -0.265221
-0.639143    -0.204645    0.281084    0.483575    0.708985    -0.0215027    -0.263119
-0.639072    -0.211361    0.279046    0.48357    0.709277    -0.0226885    -0.261983
-0.639    -0.218051    0.277018    0.483544    0.709022    -0.022713    -0.263039
-0.638938    -0.22472    0.274968    0.48349    0.708436    -0.0221459    -0.265408
-0.638905    -0.231329    0.272832    0.483405    0.707481    -0.0195291    -0.269115
-0.638891    -0.237873    0.270619    0.483419    0.707525    -0.0192082    -0.268913
-0.638816    -0.244389    0.268494    0.48347    0.708357    -0.0224783    -0.26575
-0.638677    -0.250906    0.266463    0.48342    0.708667    -0.0250743    -0.264622
-0.638525    -0.257507    0.264446    0.483374    0.708784    -0.026549    -0.264216
-0.638409    -0.264183    0.262399    0.483367    0.707992    -0.0239072    -0.267315
-0.638439    -0.270892    0.260225    0.483325    0.707042    -0.0192298    -0.270855
NEXT
-0.633002    -0.27076    0.258194    0.483402    0.707366    -0.0186526    -0.269515
-0.632825    -0.263832    0.260375    0.48347    0.708313    -0.022201    -0.265912
-0.632821    -0.256994    0.262436    0.4835    0.709045    -0.024149    -0.263023
-0.632878    -0.250286    0.264475    0.483549    0.708872    -0.0220266    -0.263616
-0.632946    -0.243711    0.266535    0.483594    0.708668    -0.01923    -0.264268
-0.632981    -0.237151    0.268663    0.483544    0.708069    -0.0174109    -0.266583
-0.632983    -0.230569    0.27085    0.483472    0.707844    -0.0193272    -0.267631
-0.633012    -0.223944    0.272971    0.483445    0.708327    -0.0231332    -0.265911
-0.63307    -0.217282    0.275019    0.483406    0.708513    -0.0249452    -0.265247
-0.633132    -0.210612    0.277052    0.483423    0.708644    -0.0249571    -0.264711
-0.633189    -0.203926    0.279094    0.483476    0.708547    -0.0231196    -0.265012
-0.633224    -0.197195    0.281202    0.4835    0.708296    -0.0211132    -0.265916
-0.633249    -0.19041    0.283336    0.483517    0.708639    -0.022142    -0.264578
-0.633287    -0.18356    0.285425    0.483454    0.708835    -0.0247515    -0.263917
-0.633323    -0.176704    0.2875    0.483369    0.708349    -0.025305    -0.265935
-0.633339    -0.169902    0.289589    0.483334    0.70803    -0.0249495    -0.267216
-0.633335    -0.163164    0.29169    0.483333    0.707809    -0.0240379    -0.268061
-0.633314    -0.156492    0.293797    0.483355    0.70778    -0.0232787    -0.268137
-0.633298    -0.149838    0.295879    0.483405    0.708203    -0.0237182    -0.266447
-0.633295    -0.143185    0.297916    0.48346    0.708629    -0.0238965    -0.264719
-0.633294    -0.136547    0.29991    0.483487    0.708953    -0.0242074    -0.263404
-0.633285    -0.12993    0.301873    0.483493    0.708858    -0.0237377    -0.263772
-0.633242    -0.123342    0.303872    0.483463    0.708324    -0.0225398    -0.265889
-0.633164    -0.116779    0.305898    0.483431    0.708273    -0.0232681    -0.266137
-0.633072    -0.110214    0.30787    0.483477    0.708767    -0.0238832    -0.264151
-0.632957    -0.103766    0.309777    0.483539    0.708755    -0.0218565    -0.264083
-0.632798    -0.097742    0.311604    0.483516    0.708244    -0.0201023    -0.266061
-0.632648    -0.0910382    0.313701    0.483526    0.708218    -0.0195057    -0.266128
NEXT
-0.627413    -0.080804    0.315121    0.483484    0.707697    -0.0172893    -0.268079
-0.627309    -0.0899242    0.31206    0.483426    0.707694    -0.0202989    -0.268307
-0.627314    -0.0966768    0.309896    0.4835    0.708365    -0.0215079    -0.265657
-0.627349    -0.102797    0.308002    0.483531    0.70864    -0.0215971    -0.264541
-0.627366    -0.10936    0.305988    0.483488    0.70857    -0.0227545    -0.264896
-0.627374    -0.116033    0.303933    0.483452    0.708361    -0.023017    -0.265763
-0.627378    -0.122681    0.301874    0.483471    0.708498    -0.0230479    -0.265208
-0.627371    -0.129329    0.299857    0.483496    0.708965    -0.0239567    -0.263343
-0.627355    -0.135982    0.297879    0.483509    0.708927    -0.0234603    -0.263472
-0.62736    -0.142632    0.29584    0.483435    0.708171    -0.0226609    -0.266516
-0.627388    -0.149277    0.293741    0.483287    0.707526    -0.0238589    -0.269196
-0.627422    -0.155919    0.291627    0.483214    0.707274    -0.0245694    -0.270245
-0.627454    -0.162577    0.289516    0.483233    0.707522    -0.0253325    -0.269287
-0.627465    -0.169296    0.28743    0.483266    0.707915    -0.026176    -0.267739
-0.627449    -0.176076    0.285377    0.483324    0.708527    -0.0269813    -0.265287
-0.627405    -0.182917    0.283372    0.483415    0.709318    -0.02694    -0.262035
-0.62736    -0.189749    0.281342    0.483509    0.708743    -0.0228156    -0.26419
-0.627344    -0.196501    0.279212    0.483462    0.707987    -0.0207766    -0.267152
-0.627323    -0.203198    0.277081    0.483426    0.708157    -0.0229249    -0.266592
-0.627277    -0.209855    0.275009    0.483373    0.708299    -0.0250406    -0.266126
-0.627212    -0.216514    0.272974    0.483368    0.70854    -0.0259998    -0.265187
-0.627135    -0.223188    0.27096    0.48344    0.708687    -0.0246144    -0.26452
-0.627084    -0.229845    0.268892    0.483526    0.70841    -0.0206918    -0.265421
-0.627066    -0.236476    0.266759    0.483602    0.708524    -0.0176926    -0.264748
-0.627052    -0.243076    0.264635    0.48362    0.708653    -0.0176502    -0.264216
-0.627042    -0.249687    0.262536    0.483584    0.708762    -0.0201359    -0.263947
-0.627058    -0.256464    0.260468    0.483557    0.709102    -0.0226187    -0.262702
-0.627145    -0.263408    0.258389    0.48353    0.708464    -0.0208215    -0.26521
-0.627415    -0.270486    0.256188    0.483444    0.70751    -0.0178253    -0.268876
NEXT
-0.621734    -0.2701    0.254202    0.483457    0.707529    -0.0171904    -0.268751
-0.621418    -0.262928    0.256424    0.483544    0.708516    -0.0205273    -0.264977
-0.621285    -0.255916    0.258503    0.483531    0.709014    -0.0231247    -0.263095
-0.621223    -0.249093    0.26058    0.483512    0.708342    -0.0208628    -0.265711
-0.621187    -0.242455    0.262707    0.483527    0.708153    -0.0190477    -0.266359
-0.621178    -0.235819    0.264828    0.483544    0.708436    -0.0201446    -0.26528
-0.621199    -0.229143    0.266921    0.483508    0.708619    -0.0224054    -0.264675
-0.62125    -0.222458    0.268961    0.483495    0.709013    -0.0242053    -0.263159
-0.621324    -0.215774    0.270963    0.483516    0.709035    -0.0235996    -0.263035
-0.621382    -0.209117    0.272998    0.483521    0.708699    -0.0222457    -0.264339
-0.62142    -0.202474    0.27508    0.483501    0.708324    -0.0211966    -0.265805
-0.621434    -0.1958    0.277215    0.483469    0.707953    -0.0201925    -0.26725
-0.621446    -0.189076    0.27934    0.48351    0.708774    -0.0229023    -0.26407
-0.621495    -0.182275    0.281348    0.483504    0.70981    -0.0257234    -0.259937
-0.621548    -0.175461    0.283325    0.483554    0.709378    -0.0235159    -0.261615
-0.62157    -0.168704    0.28536    0.483555    0.708883    -0.0218398    -0.263558
-0.621572    -0.161998    0.287429    0.483514    0.708485    -0.021539    -0.265171
-0.621556    -0.155341    0.289522    0.483427    0.707977    -0.0220074    -0.267267
-0.621532    -0.148697    0.291639    0.483352    0.707619    -0.0223976    -0.268739
-0.621508    -0.142049    0.293774    0.483348    0.707743    -0.0232329    -0.268287
-0.621515    -0.135384    0.295837    0.483352    0.708431    -0.0260192    -0.265635
-0.621557    -0.128699    0.297825    0.483327    0.708499    -0.0267682    -0.265389
-0.621596    -0.122008    0.299867    0.483355    0.708102    -0.0247138    -0.266911
-0.621631    -0.115305    0.301972    0.483419    0.708142    -0.0230751    -0.266659
-0.621671    -0.108559    0.304095    0.483475    0.708344    -0.0222014    -0.265786
-0.621716    -0.101916    0.30618    0.483508    0.708521    -0.0219166    -0.265048
-0.62176    -0.0957344    0.308108    0.48349    0.708552    -0.0226693    -0.264966
-0.621849    -0.0889627    0.310287    0.483375    0.707568    -0.0214111    -0.268886
-0.62205    -0.0799002    0.313375    0.483228    0.706808    -0.0211833    -0.27192
NEXT
-0.616534    -0.0791376    0.311416    0.483238    0.707125    -0.0230701    -0.270762
-0.616282    -0.0881408    0.308409    0.483439    0.708023    -0.0218497    -0.267072
-0.616147    -0.0949098    0.306257    0.483529    0.708856    -0.0226044    -0.263715
-0.616062    -0.101123    0.304317    0.483534    0.708609    -0.0213866    -0.264654
-0.615987    -0.107816    0.30219    0.483505    0.708312    -0.0210102    -0.265843
-0.615928    -0.114604    0.300013    0.48345    0.708013    -0.0213758    -0.267082
-0.615884    -0.121332    0.297846    0.48339    0.707962    -0.0231268    -0.267394
-0.615826    -0.128047    0.295765    0.483347    0.708494    -0.0263329    -0.265392
-0.615755    -0.134756    0.293763    0.483328    0.708473    -0.0267062    -0.265494
-0.615711    -0.141444    0.291705    0.483372    0.707992    -0.0237435    -0.267306
-0.615695    -0.148111    0.289589    0.483472    0.708237    -0.021847    -0.266199
-0.615673    -0.154773    0.287507    0.483564    0.70881    -0.0211771    -0.263818
-0.615646    -0.16144    0.285454    0.483624    0.709164    -0.0202773    -0.262299
-0.615617    -0.168137    0.283402    0.483647    0.709328    -0.0199213    -0.261597
-0.615582    -0.174867    0.281362    0.483634    0.70954    -0.0212336    -0.260807
-0.615531    -0.181636    0.279354    0.483557    0.709558    -0.0238162    -0.260883
-0.615488    -0.188394    0.277322    0.483492    0.708601    -0.0228209    -0.264773
-0.615475    -0.195094    0.275208    0.483469    0.708036    -0.0207939    -0.266952
-0.615463    -0.201758    0.273094    0.483522    0.708503    -0.0213063    -0.26508
-0.615431    -0.208403    0.271033    0.483563    0.708917    -0.0217198    -0.263409
-0.615392    -0.215064    0.268999    0.483565    0.70908    -0.0222659    -0.262772
-0.615351    -0.221754    0.266977    0.483527    0.708967    -0.0230391    -0.263282
-0.615326    -0.228461    0.264932    0.483517    0.708724    -0.0224774    -0.26425
-0.615323    -0.235173    0.262856    0.483535    0.708483    -0.0207679    -0.265129
-0.615358    -0.241839    0.260737    0.483507    0.708025    -0.0190147    -0.266877
-0.615428    -0.248502    0.258599    0.48352    0.708344    -0.0205714    -0.265686
-0.615512    -0.255352    0.256532    0.483543    0.709212    -0.0233584    -0.262293
-0.615656    -0.262398    0.25447    0.483553    0.708596    -0.0206681    -0.264659
-0.615977    -0.269614    0.252233    0.483438    0.707419    -0.0169541    -0.269177
NEXT
-0.610165    -0.269052    0.250252    0.483394    0.707197    -0.0171524    -0.270087
-0.609854    -0.261825    0.252511    0.483542    0.708505    -0.0205445    -0.265026
-0.609707    -0.254777    0.254582    0.483593    0.709374    -0.0222069    -0.261555
-0.609612    -0.247919    0.256654    0.483596    0.708625    -0.0187788    -0.264415
-0.609524    -0.241238    0.258796    0.483573    0.708295    -0.0176215    -0.265676
-0.609472    -0.234544    0.260909    0.483595    0.708811    -0.0200228    -0.263737
-0.609462    -0.227798    0.262969    0.483569    0.70901    -0.0218489    -0.263035
-0.609469    -0.221068    0.265008    0.483546    0.709001    -0.0226132    -0.26312
-0.609488    -0.214366    0.267033    0.483532    0.708944    -0.022856    -0.263368
-0.609514    -0.207697    0.26906    0.483514    0.708822    -0.022976    -0.263877
-0.609539    -0.201049    0.271101    0.483486    0.708478    -0.0225163    -0.265257
-0.609552    -0.194391    0.273191    0.483439    0.708045    -0.021955    -0.266988
-0.609564    -0.187712    0.275297    0.48345    0.708326    -0.0229262    -0.265901
-0.609598    -0.180997    0.277365    0.483543    0.708982    -0.0226455    -0.2632
-0.609644    -0.174272    0.279414    0.483619    0.709257    -0.0208883    -0.261955
-0.609691    -0.167566    0.281462    0.483632    0.709291    -0.0204527    -0.261789
-0.609741    -0.160879    0.283509    0.483631    0.709282    -0.0205093    -0.261828
-0.609797    -0.15421    0.285551    0.483634    0.709277    -0.0203375    -0.261839
-0.609856    -0.147534    0.287607    0.483594    0.709012    -0.0209348    -0.262972
-0.609918    -0.140842    0.289681    0.483484    0.708642    -0.0232029    -0.264625
-0.609992    -0.134134    0.291736    0.483457    0.708794    -0.0245404    -0.264074
-0.610078    -0.127412    0.293777    0.483541    0.708888    -0.022374    -0.263569
-0.610148    -0.120681    0.295898    0.483556    0.708418    -0.0194042    -0.265305
-0.610205    -0.11393    0.298096    0.483547    0.708277    -0.0189327    -0.265844
-0.610277    -0.107113    0.300307    0.48357    0.708471    -0.0192013    -0.265071
-0.610366    -0.100386    0.302461    0.483602    0.708848    -0.0198614    -0.263574
-0.610469    -0.0941437    0.304412    0.48361    0.709261    -0.0212582    -0.261963
-0.610625    -0.0873549    0.306545    0.483568    0.708704    -0.0206033    -0.264216
-0.610895    -0.078348    0.309487    0.483453    0.708047    -0.02145    -0.266948
NEXT
-0.605148    -0.0775034    0.30761    0.483521    0.708485    -0.0212562    -0.265153
-0.604888    -0.0865814    0.304695    0.483558    0.708805    -0.02139    -0.263848
-0.604734    -0.093416    0.302561    0.483556    0.709046    -0.022388    -0.262921
-0.60463    -0.0996888    0.300596    0.483533    0.708543    -0.0211505    -0.26491
-0.604537    -0.106439    0.298424    0.483514    0.708231    -0.0201735    -0.266118
-0.604454    -0.113278    0.296207    0.483534    0.708289    -0.0195931    -0.265845
-0.604379    -0.120051    0.294012    0.483584    0.70854    -0.0189405    -0.264773
-0.604301    -0.126794    0.291859    0.483574    0.708716    -0.0203471    -0.264148
-0.604217    -0.133519    0.289754    0.483483    0.708652    -0.0232402    -0.264587
-0.604123    -0.140242    0.287694    0.483469    0.708912    -0.0245813    -0.263592
-0.604024    -0.146958    0.285668    0.483539    0.709115    -0.023192    -0.262683
-0.603942    -0.153643    0.283624    0.483569    0.708983    -0.0217523    -0.263141
-0.603874    -0.160307    0.281566    0.483567    0.708965    -0.0217501    -0.263214
-0.60381    -0.166983    0.279516    0.483565    0.70902    -0.0220466    -0.263009
-0.603754    -0.173668    0.27746    0.48355    0.708801    -0.02171    -0.263886
-0.603714    -0.180355    0.275376    0.483506    0.708458    -0.0217364    -0.265294
-0.603688    -0.187034    0.273279    0.483467    0.70826    -0.0220873    -0.266123
-0.603675    -0.193695    0.271179    0.48347    0.708238    -0.0219082    -0.2662
-0.603662    -0.200347    0.269105    0.483493    0.708576    -0.0226695    -0.264864
-0.603643    -0.206998    0.267075    0.483501    0.708833    -0.0234203    -0.263855
-0.603625    -0.213677    0.26506    0.483507    0.70895    -0.0235788    -0.263385
-0.603613    -0.220395    0.263048    0.483525    0.709029    -0.0233802    -0.263049
-0.603614    -0.22715    0.261022    0.48353    0.708972    -0.0229886    -0.263261
-0.603631    -0.233926    0.258974    0.483526    0.708641    -0.0218641    -0.26455
-0.603687    -0.240644    0.256872    0.483524    0.708168    -0.0192502    -0.266312
-0.603776    -0.24734    0.254736    0.48358    0.708526    -0.0190294    -0.264838
-0.603876    -0.25419    0.252644    0.483575    0.709046    -0.021784    -0.262882
-0.604021    -0.261215    0.25054    0.483477    0.708108    -0.0208852    -0.266664
-0.604308    -0.268424    0.248256    0.483347    0.706999    -0.017626    -0.270917
NEXT
-0.598437    -0.267757    0.246241    0.483332    0.707056    -0.019055    -0.270791
-0.598194    -0.260578    0.248526    0.483372    0.707637    -0.0218804    -0.268635
-0.598055    -0.253593    0.250675    0.4835    0.708464    -0.0219346    -0.265281
-0.597961    -0.246756    0.25278    0.48351    0.708366    -0.0210806    -0.265629
-0.597889    -0.240036    0.254878    0.483382    0.707938    -0.0231962    -0.267495
-0.597837    -0.233292    0.256964    0.483339    0.708033    -0.0248306    -0.267198
-0.597807    -0.226498    0.259034    0.483424    0.708485    -0.0243618    -0.26533
-0.597796    -0.219729    0.261074    0.483477    0.708838    -0.0241525    -0.263874
-0.597802    -0.212998    0.263087    0.483491    0.708886    -0.0238623    -0.263664
-0.597814    -0.206314    0.265105    0.48351    0.708829    -0.0230957    -0.263852
-0.597828    -0.199664    0.267139    0.483528    0.708683    -0.0219476    -0.264387
-0.597839    -0.193018    0.269209    0.483529    0.708469    -0.0208662    -0.265192
-0.597855    -0.18637    0.271302    0.483524    0.708479    -0.0211944    -0.265172
-0.597886    -0.179712    0.27339    0.483476    0.708389    -0.0224242    -0.265617
-0.597931    -0.173048    0.275467    0.48343    0.708384    -0.0237761    -0.265712
-0.59799    -0.16638    0.277525    0.483441    0.708546    -0.0241171    -0.265068
-0.59806    -0.159712    0.279576    0.483439    0.708569    -0.0242756    -0.264986
-0.59814    -0.153046    0.281624    0.483382    0.708483    -0.0254594    -0.265395
-0.598235    -0.146353    0.283656    0.483347    0.70863    -0.0267556    -0.264854
-0.598345    -0.139625    0.285677    0.483379    0.708629    -0.0259926    -0.264824
-0.598438    -0.132898    0.287764    0.483452    0.708247    -0.0225143    -0.266198
-0.598511    -0.126176    0.289928    0.483537    0.708349    -0.0199566    -0.265622
-0.598593    -0.11942    0.292094    0.483544    0.708515    -0.0205846    -0.264987
-0.598686    -0.11262    0.294259    0.483452    0.7082    -0.0222655    -0.266378
-0.598779    -0.105759    0.296458    0.483372    0.707862    -0.0231501    -0.267799
-0.598872    -0.0989891    0.298628    0.483348    0.707942    -0.0241771    -0.26753
-0.598968    -0.0926882    0.300613    0.483397    0.708349    -0.0245644    -0.265898
-0.599104    -0.0857975    0.302781    0.483466    0.708409    -0.0228268    -0.265557
-0.599337    -0.0766047    0.30573    0.483517    0.708464    -0.0213326    -0.265245
NEXT
-0.593463    -0.0756824    0.303826    0.48348    0.708166    -0.0211688    -0.266447
-0.593271    -0.0850136    0.300802    0.483408    0.708033    -0.0228722    -0.267091
-0.593161    -0.0919654    0.298585    0.483371    0.70807    -0.0241309    -0.26701
-0.593077    -0.0982932    0.296586    0.483389    0.708115    -0.0238402    -0.266812
-0.592984    -0.105083    0.294439    0.483474    0.7084    -0.0225393    -0.265577
-0.592885    -0.111963    0.292277    0.483534    0.708717    -0.0218867    -0.264243
-0.592784    -0.118784    0.290144    0.48354    0.708643    -0.0213425    -0.264511
-0.592704    -0.125551    0.287975    0.483503    0.708116    -0.0198525    -0.266567
-0.592645    -0.132273    0.285774    0.48349    0.708138    -0.0205869    -0.266524
-0.592566    -0.138999    0.283651    0.483481    0.708712    -0.0235767    -0.264359
-0.592466    -0.145728    0.281608    0.483439    0.708835    -0.0251297    -0.263936
-0.592369    -0.152427    0.279581    0.483433    0.708806    -0.0251999    -0.264062
-0.592283    -0.159099    0.277554    0.48344    0.708637    -0.0244371    -0.264713
-0.592216    -0.165758    0.275499    0.483392    0.708249    -0.024302    -0.266289
-0.59216    -0.17241    0.273435    0.48335    0.708214    -0.0253149    -0.266486
-0.592104    -0.179065    0.271394    0.483405    0.708514    -0.0249911    -0.265244
-0.592059    -0.185716    0.269347    0.483485    0.708521    -0.0227082    -0.265092
-0.592036    -0.192357    0.267271    0.483533    0.708509    -0.0209558    -0.265035
-0.592024    -0.198998    0.265199    0.483551    0.7087    -0.021174    -0.264265
-0.592015    -0.205644    0.263148    0.483518    0.708708    -0.0224315    -0.264313
-0.592009    -0.212329    0.261112    0.483476    0.708731    -0.0237984    -0.264296
-0.592006    -0.219067    0.259084    0.483449    0.70863    -0.0242063    -0.26473
-0.592025    -0.225844    0.257015    0.48341    0.708211    -0.0236498    -0.266409
-0.592068    -0.232648    0.254908    0.483377    0.708072    -0.0240073    -0.266997
-0.592108    -0.239417    0.252837    0.483425    0.708436    -0.0241364    -0.265522
-0.592152    -0.246163    0.250791    0.4835    0.70852    -0.0221621    -0.265064
-0.592233    -0.252983    0.248675    0.483454    0.708008    -0.0211854    -0.26709
-0.59236    -0.259919    0.246481    0.48335    0.707488    -0.0216792    -0.269223
-0.592548    -0.267055    0.244212    0.483372    0.707419    -0.0204573    -0.269426
NEXT
-0.586624    -0.26633    0.242179    0.483404    0.707724    -0.0213221    -0.268249
-0.586486    -0.259245    0.244433    0.483362    0.707468    -0.0211567    -0.269274
-0.586376    -0.252357    0.246657    0.483419    0.707681    -0.0204358    -0.268367
-0.586307    -0.245558    0.248794    0.483506    0.708551    -0.0221279    -0.264936
-0.586282    -0.2388    0.250828    0.483516    0.708904    -0.0231615    -0.263551
-0.586258    -0.232014    0.252891    0.483486    0.708493    -0.0225076    -0.265194
-0.586226    -0.225195    0.255001    0.483437    0.708297    -0.0232192    -0.266036
-0.586213    -0.218408    0.25708    0.483429    0.708504    -0.0243168    -0.26525
-0.586218    -0.211667    0.259126    0.483458    0.70852    -0.0235296    -0.265143
-0.586219    -0.204986    0.261193    0.483515    0.708459    -0.0213571    -0.265264
-0.586222    -0.198347    0.263271    0.483572    0.708752    -0.020599    -0.264019
-0.586244    -0.191704    0.265327    0.483525    0.70877    -0.0223901    -0.264056
-0.586285    -0.185056    0.267356    0.483401    0.708579    -0.0253028    -0.264994
-0.586345    -0.178405    0.269356    0.483295    0.708515    -0.0275525    -0.26536
-0.586404    -0.171759    0.271378    0.483276    0.707961    -0.0261074    -0.267548
-0.586444    -0.165125    0.273468    0.483365    0.707853    -0.0233129    -0.267845
-0.586494    -0.158481    0.275554    0.483488    0.708602    -0.0229139    -0.264772
-0.586569    -0.151815    0.277596    0.483556    0.709134    -0.0226986    -0.262576
-0.586655    -0.145117    0.279633    0.483596    0.709267    -0.0218025    -0.261972
-0.586741    -0.138386    0.281691    0.483612    0.709129    -0.0206617    -0.26247
-0.586811    -0.131649    0.283814    0.483564    0.708475    -0.0194621    -0.265075
-0.586865    -0.12491    0.286003    0.483487    0.708077    -0.020348    -0.266759
-0.586929    -0.11814    0.28818    0.483536    0.708448    -0.0205433    -0.265259
-0.587007    -0.111327    0.290335    0.483636    0.709107    -0.019461    -0.26248
-0.587101    -0.104438    0.29247    0.483618    0.709296    -0.0210562    -0.261805
-0.5872    -0.0976263    0.294558    0.4835    0.708763    -0.0232049    -0.264131
-0.587281    -0.0912694    0.296535    0.483407    0.708245    -0.023907    -0.266286
-0.587374    -0.0842607    0.298769    0.48337    0.707808    -0.0229058    -0.268003
-0.587523    -0.0748112    0.30186    0.483426    0.707801    -0.0209525    -0.267916
NEXT
-0.581515    -0.0740145    0.299859    0.483499    0.707922    -0.0186333    -0.267267
-0.581408    -0.0835512    0.296728    0.483514    0.708239    -0.0201828    -0.266085
-0.581329    -0.090604    0.294496    0.483548    0.708896    -0.0221106    -0.263522
-0.58125    -0.0969833    0.292551    0.483565    0.709298    -0.0229601    -0.261913
-0.581152    -0.103809    0.290512    0.483574    0.709389    -0.0228908    -0.261535
-0.581075    -0.110696    0.288392    0.483559    0.708627    -0.0205506    -0.264525
-0.581032    -0.117492    0.286202    0.483509    0.708135    -0.019781    -0.266483
-0.580989    -0.124264    0.284024    0.483542    0.708423    -0.0201038    -0.265329
-0.580938    -0.131029    0.28188    0.483613    0.708884    -0.0194963    -0.263399
-0.58088    -0.137778    0.279771    0.48362    0.709095    -0.020235    -0.262583
-0.580816    -0.144508    0.277695    0.483562    0.708932    -0.0218416    -0.263355
-0.580753    -0.1512    0.275634    0.483507    0.708746    -0.0228841    -0.26418
-0.580698    -0.157857    0.273568    0.483467    0.708312    -0.0223607    -0.265925
-0.580669    -0.164487    0.271453    0.48343    0.707838    -0.0210648    -0.267773
-0.580644    -0.17111    0.269344    0.483469    0.708471    -0.0229551    -0.265311
-0.580587    -0.177751    0.267335    0.48349    0.709299    -0.0250757    -0.262024
-0.580518    -0.184404    0.265367    0.483523    0.709258    -0.0241141    -0.262144
-0.58046    -0.191059    0.26338    0.483543    0.709143    -0.0231343    -0.262565
-0.580426    -0.197706    0.261345    0.483548    0.708673    -0.0211451    -0.264377
-0.580422    -0.204342    0.259247    0.48354    0.708382    -0.0199696    -0.265489
-0.58042    -0.211018    0.25715    0.483527    0.70858    -0.0215008    -0.26478
-0.580412    -0.217756    0.255074    0.483465    0.708517    -0.0233135    -0.265143
-0.58041    -0.224549    0.252988    0.483443    0.708418    -0.0235911    -0.265565
-0.580415    -0.231382    0.250892    0.483478    0.708588    -0.0231725    -0.264845
-0.580419    -0.238176    0.248827    0.483473    0.708704    -0.0237542    -0.264404
-0.580431    -0.244933    0.24677    0.483422    0.708183    -0.0231553    -0.266498
-0.580483    -0.251714    0.24462    0.483383    0.707514    -0.0206742    -0.269055
-0.580568    -0.258566    0.242394    0.483442    0.70776    -0.0201295    -0.268028
-0.580659    -0.265597    0.240162    0.483514    0.708261    -0.0203461    -0.266007
NEXT
-0.574708    -0.273401    0.235532    0.483627    0.708827    -0.0184408    -0.263559
-0.574644    -0.264879    0.23819    0.483614    0.708806    -0.0190683    -0.263689
-0.574599    -0.257898    0.240381    0.483537    0.708348    -0.0199039    -0.265624
-0.57456    -0.251056    0.242558    0.483379    0.707762    -0.0223617    -0.268158
-0.574539    -0.244278    0.244695    0.483317    0.707823    -0.0245415    -0.268031
-0.57454    -0.237528    0.246787    0.483404    0.708279    -0.0241155    -0.266159
-0.574555    -0.230738    0.248874    0.483452    0.708526    -0.0237605    -0.265133
-0.574579    -0.223903    0.250969    0.48344    0.708404    -0.0236022    -0.265622
-0.574596    -0.217117    0.253084    0.483496    0.708334    -0.0214203    -0.26578
-0.574604    -0.210392    0.255213    0.483592    0.708663    -0.0191779    -0.264285
-0.574619    -0.203715    0.257321    0.483586    0.708696    -0.0197727    -0.264193
-0.574643    -0.197071    0.2594    0.483518    0.708622    -0.0220121    -0.26464
-0.574681    -0.190426    0.261444    0.483563    0.709028    -0.0220638    -0.262973
-0.574731    -0.183779    0.263452    0.483644    0.709662    -0.0211558    -0.260296
-0.574797    -0.177131    0.265421    0.483661    0.710069    -0.0214833    -0.25862
-0.574855    -0.170489    0.267412    0.483644    0.709323    -0.0200651    -0.261628
-0.574885    -0.163859    0.269485    0.483533    0.708411    -0.0204457    -0.265403
-0.57491    -0.157221    0.271572    0.483443    0.708308    -0.0230437    -0.265983
-0.574946    -0.150564    0.273636    0.483426    0.70836    -0.0238111    -0.265813
-0.574978    -0.14388    0.275721    0.483486    0.708354    -0.0219088    -0.265727
-0.575002    -0.137164    0.277844    0.483602    0.708749    -0.0193167    -0.263944
-0.575033    -0.130413    0.279958    0.483646    0.709135    -0.0191331    -0.262341
-0.57507    -0.12363    0.282061    0.483603    0.708891    -0.0200049    -0.263407
-0.575099    -0.116845    0.284203    0.48351    0.70827    -0.0205838    -0.265989
-0.575126    -0.110046    0.286372    0.483439    0.708207    -0.0227293    -0.266377
-0.575177    -0.103167    0.288499    0.483504    0.708893    -0.0235406    -0.263617
-0.575245    -0.0963538    0.290562    0.483621    0.709343    -0.0211665    -0.261618
-0.575307    -0.0899734    0.292515    0.483664    0.709377    -0.0193641    -0.261359
-0.575368    -0.0829023    0.294746    0.483643    0.708806    -0.0173015    -0.263561
NEXT
-0.569312    -0.0823066    0.292754    0.483559    0.708471    -0.0196831    -0.265107
-0.569274    -0.089369    0.290531    0.48357    0.708835    -0.0211342    -0.263709
-0.569238    -0.0957346    0.28856    0.483537    0.708739    -0.021845    -0.264148
-0.569207    -0.102528    0.28646    0.483497    0.708578    -0.0225518    -0.264853
-0.569183    -0.109399    0.284326    0.483485    0.708423    -0.0222468    -0.265467
-0.569166    -0.116209    0.282197    0.483528    0.708592    -0.0215735    -0.264736
-0.569147    -0.123007    0.280103    0.483585    0.709076    -0.0214848    -0.262739
-0.569125    -0.129799    0.278038    0.483625    0.709094    -0.0199161    -0.262567
-0.569125    -0.136544    0.275914    0.483576    0.708387    -0.0181624    -0.265343
-0.569142    -0.143242    0.273743    0.483508    0.70814    -0.0198929    -0.26647
-0.569142    -0.149918    0.271633    0.483473    0.708404    -0.0225293    -0.265562
-0.569123    -0.156578    0.269579    0.483468    0.708547    -0.0233064    -0.265022
-0.569094    -0.16323    0.267537    0.483538    0.708864    -0.0223284    -0.263663
-0.569053    -0.169876    0.265519    0.483613    0.70941    -0.0216745    -0.261373
-0.568996    -0.176521    0.263539    0.483603    0.70968    -0.0227045    -0.260317
-0.568941    -0.183162    0.261547    0.483559    0.709023    -0.0221782    -0.263003
-0.568907    -0.189796    0.259493    0.48348    0.708391    -0.0222898    -0.265601
-0.56887    -0.196439    0.257432    0.483476    0.708621    -0.0233257    -0.264721
-0.568816    -0.203099    0.255396    0.483578    0.709032    -0.0215809    -0.262928
-0.568778    -0.209784    0.253306    0.483614    0.708701    -0.0183683    -0.264071
-0.568764    -0.216497    0.251137    0.483587    0.708474    -0.0181487    -0.264986
-0.568735    -0.22327    0.24899    0.483591    0.708867    -0.0203985    -0.263531
-0.568686    -0.230096    0.246884    0.483573    0.708887    -0.0212318    -0.263503
-0.568653    -0.236876    0.244768    0.483527    0.708472    -0.021002    -0.265189
-0.568638    -0.243616    0.24264    0.483492    0.70835    -0.0216713    -0.265728
-0.568623    -0.250398    0.240523    0.48354    0.70867    -0.0214885    -0.26441
-0.568613    -0.25724    0.238402    0.483603    0.708873    -0.0198408    -0.263472
-0.56862    -0.264162    0.23624    0.483593    0.708709    -0.0194593    -0.264116
-0.568638    -0.27256    0.233595    0.483542    0.70843    -0.0201145    -0.265303
NEXT
-0.562614    -0.271687    0.231619    0.483443    0.707918    -0.0210898    -0.267448
-0.562627    -0.263433    0.234289    0.483548    0.70824    -0.0186274    -0.265977
-0.562644    -0.256587    0.236467    0.48364    0.709034    -0.0189879    -0.262748
-0.56269    -0.249756    0.238569    0.483631    0.709265    -0.0203666    -0.261889
-0.562735    -0.242972    0.240679    0.483601    0.708782    -0.0194986    -0.26382
-0.562769    -0.236238    0.242825    0.483597    0.708646    -0.0188683    -0.264335
-0.562816    -0.229471    0.244966    0.483633    0.709005    -0.0191187    -0.262875
-0.562876    -0.222664    0.247097    0.483662    0.709108    -0.0180552    -0.262373
-0.562919    -0.215901    0.249254    0.483641    0.70874    -0.0168327    -0.263797
-0.562951    -0.209187    0.251413    0.483626    0.708935    -0.0192007    -0.263169
-0.563017    -0.202488    0.253458    0.483543    0.709437    -0.0239331    -0.261395
-0.563099    -0.195808    0.255438    0.483444    0.708767    -0.0247848    -0.264201
-0.563142    -0.18916    0.257497    0.483408    0.708002    -0.0227095    -0.267206
-0.563165    -0.182532    0.259584    0.483472    0.708464    -0.0228726    -0.265337
-0.563205    -0.175897    0.261611    0.483545    0.709142    -0.0231265    -0.262568
-0.563252    -0.169252    0.263603    0.483575    0.709356    -0.0227416    -0.261661
-0.563299    -0.162591    0.265586    0.483534    0.709224    -0.023659    -0.262258
-0.563329    -0.155929    0.267597    0.483499    0.708705    -0.0229554    -0.264356
-0.563332    -0.149272    0.269659    0.483515    0.708382    -0.0209484    -0.265555
-0.563309    -0.142605    0.271792    0.48352    0.708018    -0.018373    -0.266862
-0.563264    -0.13592    0.273989    0.48355    0.708169    -0.0178009    -0.266205
-0.563246    -0.129184    0.276109    0.483598    0.709076    -0.0209919    -0.262712
-0.56326    -0.122394    0.278137    0.483562    0.709194    -0.0226925    -0.262327
-0.563267    -0.115593    0.2802    0.483535    0.708736    -0.0218988    -0.264165
-0.563267    -0.108779    0.282308    0.483526    0.708626    -0.021806    -0.264611
-0.563271    -0.101908    0.284427    0.483501    0.708623    -0.0226508    -0.264673
-0.56328    -0.0951234    0.286513    0.483465    0.708452    -0.0230327    -0.265394
-0.563292    -0.0887814    0.288482    0.48347    0.708357    -0.0224504    -0.265749
-0.563298    -0.0817555    0.290686    0.483467    0.708209    -0.021834    -0.266315
NEXT
-0.557321    -0.0811893    0.288616    0.483498    0.708514    -0.0222132    -0.265091
-0.557348    -0.0881918    0.286444    0.483534    0.70851    -0.0209619    -0.265031
-0.557362    -0.0945175    0.284487    0.483536    0.708718    -0.0218162    -0.264233
-0.557374    -0.1013    0.282418    0.483537    0.70883    -0.022259    -0.263799
-0.557388    -0.108172    0.280318    0.483542    0.708737    -0.0217313    -0.26415
-0.557405    -0.114987    0.278222    0.483556    0.708849    -0.0216618    -0.263684
-0.557411    -0.121781    0.276173    0.483549    0.70918    -0.0230368    -0.262406
-0.557406    -0.128558    0.274156    0.483523    0.708801    -0.0226313    -0.26394
-0.557433    -0.135286    0.272045    0.48348    0.7079    -0.0193752    -0.267408
-0.557486    -0.141965    0.269854    0.483513    0.707988    -0.0184398    -0.266986
-0.557518    -0.148627    0.267722    0.483575    0.708565    -0.0195078    -0.264711
-0.557523    -0.155282    0.265656    0.4836    0.709069    -0.0209567    -0.262736
-0.557497    -0.161948    0.26365    0.483579    0.709467    -0.0229486    -0.261214
-0.557454    -0.168616    0.26167    0.483551    0.709221    -0.0231096    -0.262242
-0.557414    -0.175267    0.259663    0.483537    0.708947    -0.0226584    -0.263342
-0.557383    -0.181906    0.257613    0.483523    0.708523    -0.021427    -0.265008
-0.557365    -0.188537    0.25551    0.483503    0.708252    -0.020728    -0.26607
-0.557322    -0.195188    0.253448    0.483499    0.709    -0.0240083    -0.263201
-0.557231    -0.201874    0.251481    0.483436    0.709236    -0.0262723    -0.262344
-0.557153    -0.208576    0.249453    0.483412    0.708277    -0.0238701    -0.266152
-0.557107    -0.215289    0.247309    0.483396    0.707849    -0.022317    -0.267805
-0.557054    -0.222041    0.245155    0.483422    0.708146    -0.0229593    -0.266635
-0.556986    -0.22883    0.243016    0.483441    0.708232    -0.0227867    -0.266277
-0.556925    -0.235587    0.240869    0.483455    0.708111    -0.0217757    -0.266708
-0.556869    -0.24232    0.238723    0.483497    0.708471    -0.0220837    -0.265262
-0.556791    -0.249111    0.236627    0.48356    0.709184    -0.0227697    -0.262374
-0.55671    -0.255932    0.234537    0.483594    0.708798    -0.0199227    -0.263784
-0.55667    -0.262702    0.232337    0.483484    0.707717    -0.0175713    -0.268022
-0.556628    -0.270804    0.229635    0.483421    0.707661    -0.0202292    -0.268435
NEXT
-0.550674    -0.269927    0.227662    0.483396    0.707422    -0.019387    -0.269342
-0.550751    -0.261973    0.230382    0.483406    0.707278    -0.0174461    -0.269781
-0.550822    -0.255271    0.232586    0.483525    0.708612    -0.0217107    -0.264662
-0.550945    -0.24845    0.234651    0.483471    0.709229    -0.0253649    -0.262328
-0.551059    -0.241646    0.236721    0.48342    0.708427    -0.0242354    -0.265562
-0.551139    -0.234907    0.238851    0.483372    0.707992    -0.0237789    -0.267305
-0.551217    -0.228155    0.240976    0.483337    0.708079    -0.0250905    -0.267023
-0.551296    -0.221379    0.243088    0.483288    0.70787    -0.0254902    -0.267889
-0.551355    -0.214638    0.24523    0.483243    0.707431    -0.0246151    -0.269615
-0.551399    -0.207937    0.247382    0.483273    0.707699    -0.0251209    -0.268562
-0.551461    -0.201253    0.249454    0.483409    0.708626    -0.0252541    -0.2648
-0.551528    -0.194585    0.25148    0.483551    0.708862    -0.0219354    -0.263648
-0.551563    -0.187935    0.253564    0.483563    0.708473    -0.0195394    -0.26509
-0.551583    -0.181292    0.255665    0.483549    0.708676    -0.0212152    -0.264369
-0.551617    -0.174634    0.257707    0.48352    0.70898    -0.0233705    -0.263248
-0.551654    -0.167969    0.259722    0.483523    0.708953    -0.0231847    -0.263349
-0.551684    -0.161303    0.26174    0.483598    0.709194    -0.0214419    -0.262252
-0.5517    -0.154642    0.263771    0.483641    0.709227    -0.0197781    -0.262007
-0.5517    -0.147985    0.265822    0.483612    0.70889    -0.0196029    -0.263385
-0.551679    -0.141319    0.267921    0.483524    0.708238    -0.0196856    -0.266059
-0.551638    -0.134636    0.270068    0.483433    0.707892    -0.0212571    -0.267567
-0.55161    -0.127918    0.272171    0.483449    0.70842    -0.0233862    -0.265545
-0.5516    -0.121163    0.274214    0.483528    0.708888    -0.0227811    -0.263594
-0.551581    -0.114382    0.276271    0.483559    0.708874    -0.0216694    -0.263584
-0.551552    -0.10757    0.27835    0.483555    0.708815    -0.0216117    -0.263825
-0.551517    -0.100699    0.280446    0.483574    0.708906    -0.0212559    -0.263427
-0.551478    -0.0939161    0.282516    0.483601    0.708937    -0.0202541    -0.263232
-0.551434    -0.0875891    0.284466    0.483601    0.708806    -0.0196186    -0.263728
-0.551372    -0.0805716    0.286592    0.48356    0.709138    -0.0226409    -0.262556
NEXT
-0.545424    -0.0799296    0.284651    0.483676    0.709946    -0.0206599    -0.259081
-0.545524    -0.0869931    0.282551    0.483678    0.709218    -0.0176907    -0.261894
-0.545598    -0.0933317    0.280598    0.483663    0.709112    -0.0180619    -0.262359
-0.545668    -0.100109    0.278506    0.483611    0.708865    -0.0194222    -0.263476
-0.545728    -0.10697    0.276392    0.483555    0.708699    -0.0210603    -0.264264
-0.545772    -0.113771    0.274306    0.483505    0.708585    -0.0222758    -0.264806
-0.545802    -0.120535    0.272234    0.483465    0.708479    -0.0231747    -0.26529
-0.545821    -0.127267    0.270168    0.483431    0.708279    -0.0233088    -0.266113
-0.545843    -0.133974    0.268078    0.483442    0.708096    -0.0220887    -0.26679
-0.545866    -0.14066    0.26597    0.483506    0.708387    -0.0213344    -0.265556
-0.545871    -0.147328    0.263903    0.483556    0.708829    -0.0215725    -0.263763
-0.545863    -0.153986    0.261862    0.483567    0.708848    -0.0213033    -0.263667
-0.545853    -0.160644    0.259802    0.483524    0.70858    -0.0216379    -0.264788
-0.545837    -0.16731    0.257743    0.483471    0.708623    -0.023508    -0.264723
-0.545802    -0.173992    0.255718    0.483456    0.708866    -0.0247703    -0.263793
-0.545763    -0.180673    0.253689    0.483488    0.708626    -0.0230292    -0.264683
-0.545734    -0.187338    0.251613    0.483553    0.708599    -0.0206621    -0.264647
-0.5457    -0.193995    0.249529    0.483593    0.708873    -0.0203347    -0.263504
-0.545652    -0.200651    0.247459    0.483563    0.708795    -0.0211317    -0.263875
-0.545603    -0.207323    0.245366    0.483561    0.708607    -0.0202834    -0.26459
-0.545555    -0.21402    0.243236    0.483627    0.70884    -0.0185508    -0.263516
-0.545496    -0.220749    0.241111    0.483649    0.709115    -0.0188574    -0.262405
-0.545422    -0.227503    0.238999    0.483602    0.708895    -0.0200767    -0.263394
-0.545343    -0.234242    0.236865    0.483535    0.708464    -0.0206853    -0.265201
-0.545254    -0.240977    0.234725    0.483487    0.708602    -0.0229705    -0.264779
-0.545122    -0.247782    0.232646    0.483412    0.709044    -0.0263552    -0.263138
-0.544973    -0.254593    0.230577    0.483367    0.708148    -0.024574    -0.266715
-0.544869    -0.261234    0.228389    0.4833    0.706973    -0.0197066    -0.271166
-0.544741    -0.269053    0.2257    0.483402    0.707436    -0.0192108    -0.269275
NEXT
-0.538827    -0.268182    0.223755    0.483474    0.707853    -0.019298    -0.267593
-0.539019    -0.260481    0.226357    0.483373    0.707488    -0.0208648    -0.269173
-0.539155    -0.253897    0.228511    0.483381    0.708122    -0.024099    -0.266799
-0.539309    -0.247114    0.230621    0.483474    0.708771    -0.0240043    -0.264141
-0.539433    -0.240326    0.232759    0.483546    0.708475    -0.0203028    -0.265133
-0.539512    -0.233605    0.23495    0.483576    0.708358    -0.0179417    -0.265443
-0.53957    -0.226893    0.237133    0.483646    0.708774    -0.0167005    -0.263647
-0.539617    -0.220174    0.239292    0.483716    0.709361    -0.015697    -0.261144
-0.539673    -0.213457    0.241397    0.48372    0.709664    -0.0174192    -0.260021
-0.539737    -0.206749    0.243458    0.483648    0.709302    -0.01983    -0.261702
-0.539789    -0.200072    0.245525    0.483609    0.708986    -0.0202047    -0.263029
-0.539831    -0.193414    0.247591    0.48361    0.709063    -0.0204802    -0.26273
-0.539874    -0.186738    0.24964    0.483568    0.709033    -0.0219842    -0.262948
-0.539917    -0.180045    0.251674    0.483504    0.708901    -0.0235559    -0.263584
-0.539959    -0.173339    0.253696    0.483492    0.708951    -0.0240917    -0.263406
-0.539991    -0.166641    0.255737    0.483504    0.708617    -0.022519    -0.264691
-0.540002    -0.159967    0.257821    0.483502    0.708348    -0.0212694    -0.265714
-0.54001    -0.153307    0.2599    0.483523    0.708633    -0.0219425    -0.26459
-0.540027    -0.146649    0.261944    0.483531    0.708792    -0.0222619    -0.263956
-0.540035    -0.139984    0.264001    0.483523    0.708559    -0.0215984    -0.264871
-0.540028    -0.133305    0.266086    0.483502    0.708417    -0.0216341    -0.265453
-0.540018    -0.12661    0.268164    0.483494    0.70851    -0.0223883    -0.26512
-0.540004    -0.119897    0.270229    0.483488    0.708475    -0.0223924    -0.265263
-0.539966    -0.113153    0.272318    0.483512    0.7084    -0.0212141    -0.265498
-0.539902    -0.106371    0.274438    0.483561    0.708461    -0.0195226    -0.265135
-0.539816    -0.0995314    0.276592    0.483608    0.708571    -0.0177105    -0.264557
-0.539714    -0.0927684    0.278723    0.483662    0.708931    -0.0169318    -0.26302
-0.539612    -0.0864122    0.280692    0.483692    0.709277    -0.0172179    -0.261611
-0.539468    -0.0792784    0.282802    0.483714    0.710123    -0.0192467    -0.258241
-0.53921    -0.0694568    0.285548    0.483734    0.710879    -0.0192163    -0.255057
NEXT
-0.533216    -0.0686816    0.283781    0.483752    0.710477    -0.0177712    -0.256645
-0.533573    -0.0786588    0.28094    0.483667    0.709536    -0.019779    -0.260728
-0.533757    -0.0858537    0.278793    0.483604    0.708745    -0.0192028    -0.26395
-0.533872    -0.0922185    0.276812    0.483575    0.70844    -0.0185797    -0.265156
-0.533983    -0.0989649    0.274673    0.483575    0.708347    -0.0178863    -0.265484
-0.534074    -0.105782    0.27251    0.483599    0.70854    -0.0181183    -0.264714
-0.534138    -0.112545    0.270378    0.483615    0.708754    -0.0186405    -0.263873
-0.534169    -0.11927    0.268285    0.483634    0.709054    -0.0193814    -0.262694
-0.534171    -0.125963    0.266226    0.483642    0.70913    -0.0193395    -0.262378
-0.53417    -0.132641    0.26415    0.483626    0.708896    -0.0189541    -0.263314
-0.534167    -0.139307    0.262058    0.483599    0.708817    -0.0197578    -0.263693
-0.534152    -0.145963    0.259991    0.483572    0.708867    -0.0210964    -0.263577
-0.534128    -0.152618    0.257937    0.483552    0.708753    -0.0213515    -0.264059
-0.534109    -0.15929    0.255862    0.48359    0.708795    -0.0201384    -0.263809
-0.53409    -0.165984    0.253785    0.483644    0.709227    -0.0196743    -0.261999
-0.534058    -0.172705    0.251735    0.483651    0.709495    -0.0204663    -0.260945
-0.53402    -0.179433    0.249703    0.483632    0.709428    -0.0210187    -0.261257
-0.533977    -0.186146    0.247677    0.483612    0.709322    -0.0213964    -0.26172
-0.533941    -0.192832    0.245629    0.483572    0.708841    -0.0210437    -0.263681
-0.533916    -0.199486    0.243547    0.483502    0.70847    -0.0219275    -0.265254
-0.533872    -0.206161    0.241495    0.483491    0.70892    -0.0239943    -0.263531
-0.533804    -0.212874    0.239489    0.483552    0.709146    -0.0229236    -0.262538
-0.533756    -0.21958    0.237405    0.483551    0.708428    -0.0197065    -0.265282
-0.533732    -0.22627    0.235224    0.483503    0.707988    -0.018963    -0.267024
-0.533685    -0.232971    0.233029    0.483538    0.708191    -0.0187559    -0.266185
-0.533605    -0.239695    0.230842    0.48362    0.708765    -0.0183969    -0.26381
-0.533483    -0.246475    0.228687    0.483657    0.7093    -0.0193188    -0.261672
-0.533331    -0.253228    0.226558    0.483644    0.709009    -0.0186343    -0.262826
-0.533176    -0.259745    0.224429    0.4836    0.708447    -0.0171184    -0.265017
-0.532936    -0.267313    0.221869    0.48356    0.708177    -0.017413    -0.266143
NEXT
-0.527072    -0.266445    0.220043    0.483533    0.707898    -0.016162    -0.267178
-0.527341    -0.259023    0.22261    0.483583    0.70827    -0.016665    -0.265708
-0.527497    -0.252583    0.224731    0.483641    0.708961    -0.018488    -0.263011
-0.527645    -0.245861    0.226847    0.483669    0.709454    -0.0193692    -0.261039
-0.527771    -0.23908    0.228963    0.483642    0.709178    -0.0195968    -0.262198
-0.527867    -0.232333    0.231085    0.483532    0.70851    -0.0210351    -0.265037
-0.527917    -0.225627    0.233236    0.483415    0.707784    -0.0212343    -0.268001
-0.527929    -0.218954    0.235402    0.483402    0.707934    -0.0225916    -0.267475
-0.527966    -0.21226    0.237464    0.483406    0.708815    -0.0258946    -0.264058
-0.528022    -0.205552    0.239447    0.483419    0.708681    -0.0251708    -0.264571
-0.528042    -0.198887    0.241512    0.483447    0.70802    -0.0215536    -0.267066
-0.528037    -0.192246    0.243635    0.483519    0.708362    -0.0207106    -0.265621
-0.52805    -0.185561    0.245719    0.483584    0.708972    -0.0211141    -0.263148
-0.528076    -0.178838    0.247777    0.483625    0.709215    -0.0205014    -0.262104
-0.528106    -0.17209    0.249838    0.483658    0.709402    -0.0197635    -0.26128
-0.52814    -0.165341    0.251894    0.483666    0.709499    -0.0197469    -0.260877
-0.528179    -0.158615    0.253937    0.483627    0.709335    -0.020803    -0.261629
-0.528216    -0.151925    0.255987    0.483598    0.708977    -0.0205772    -0.263089
-0.528245    -0.145274    0.258062    0.483622    0.708889    -0.0190651    -0.263351
-0.528262    -0.138632    0.26016    0.483646    0.70888    -0.0176304    -0.263282
-0.528269    -0.131985    0.262276    0.483664    0.708988    -0.0172241    -0.262809
-0.528282    -0.125326    0.264361    0.483679    0.709322    -0.0183447    -0.26151
-0.5283    -0.118651    0.266413    0.483664    0.709282    -0.0189367    -0.261719
-0.52829    -0.111946    0.268491    0.483632    0.708928    -0.0186953    -0.263164
-0.52825    -0.105202    0.270604    0.4836    0.708645    -0.0187665    -0.264329
-0.52818    -0.0984078    0.272743    0.483572    0.708439    -0.0188568    -0.265178
-0.528086    -0.0916829    0.274861    0.483558    0.708408    -0.019273    -0.265336
-0.527975    -0.0853243    0.276845    0.483557    0.708465    -0.0197129    -0.265134
-0.527765    -0.0780879    0.27904    0.483596    0.708824    -0.0199396    -0.263678
-0.527319    -0.0679726    0.28201    0.48369    0.709428    -0.0181977    -0.26106
NEXT
-0.521637    -0.0673977    0.280122    0.483449    0.708247    -0.022612    -0.266206
-0.522098    -0.0776034    0.27711    0.483514    0.708484    -0.0215064    -0.265172
-0.522289    -0.0848535    0.274918    0.483592    0.708758    -0.0198045    -0.263939
-0.522368    -0.0911821    0.272947    0.483607    0.70862    -0.0181984    -0.26439
-0.522436    -0.0978542    0.270825    0.483554    0.708309    -0.0187693    -0.265704
-0.522476    -0.104602    0.268687    0.483538    0.708429    -0.0203035    -0.265319
-0.522485    -0.111315    0.266587    0.483566    0.708751    -0.0208085    -0.264036
-0.522463    -0.118002    0.264526    0.483605    0.709141    -0.0209632    -0.26244
-0.522419    -0.124665    0.262493    0.483641    0.709247    -0.0198981    -0.261931
-0.522383    -0.131317    0.260419    0.483665    0.709063    -0.0176355    -0.262531
-0.522358    -0.13796    0.258304    0.483682    0.709067    -0.0162538    -0.262403
-0.522333    -0.144596    0.256184    0.483672    0.708975    -0.0165441    -0.262806
-0.522304    -0.151242    0.254077    0.483646    0.709084    -0.0188711    -0.262531
-0.52226    -0.157943    0.252015    0.48362    0.709368    -0.0212318    -0.261519
-0.522212    -0.164688    0.249968    0.483587    0.709077    -0.0214883    -0.262739
-0.52218    -0.171455    0.247884    0.483527    0.708635    -0.0218155    -0.264575
-0.522158    -0.17822    0.24579    0.483478    0.708521    -0.0228838    -0.265102
-0.522136    -0.184957    0.243713    0.483475    0.708501    -0.0229362    -0.265187
-0.52213    -0.191651    0.241615    0.48347    0.708115    -0.0211754    -0.266655
-0.522145    -0.198296    0.239477    0.483475    0.708024    -0.020437    -0.266977
-0.522141    -0.204955    0.237395    0.483474    0.708671    -0.0236509    -0.264533
-0.522105    -0.211652    0.235393    0.483375    0.708576    -0.0259476    -0.265038
-0.522082    -0.218334    0.233335    0.48333    0.707788    -0.023979    -0.268145
-0.522074    -0.224997    0.231201    0.483397    0.707937    -0.0227379    -0.267474
-0.522021    -0.231709    0.229104    0.483509    0.70883    -0.0231609    -0.263855
-0.521923    -0.238467    0.227041    0.483577    0.709093    -0.0218003    -0.262692
-0.521821    -0.24522    0.224934    0.483514    0.708537    -0.0218031    -0.264976
-0.521709    -0.251881    0.222802    0.483365    0.707839    -0.0232782    -0.2679
-0.521562    -0.258244    0.220713    0.483378    0.707675    -0.0219395    -0.268486
-0.521251    -0.265564    0.218204    0.483497    0.707864    -0.0181978    -0.267472
-0.520577    -0.275848    0.214538    0.483608    0.708297    -0.0139256    -0.265371
NEXT
-0.514687    -0.274911    0.212839    0.483725    0.709344    -0.0138112    -0.261053
-0.515492    -0.264678    0.216367    0.483599    0.708742    -0.0193905    -0.263978
-0.515841    -0.257413    0.218754    0.483444    0.708368    -0.0233218    -0.265752
-0.515966    -0.251118    0.220786    0.483361    0.707647    -0.0223636    -0.268625
-0.516013    -0.244546    0.222953    0.483457    0.707836    -0.0200181    -0.267711
-0.516062    -0.237851    0.225078    0.483574    0.709012    -0.0217193    -0.263019
-0.516141    -0.231104    0.227101    0.483563    0.709323    -0.0230893    -0.261817
-0.516189    -0.224394    0.229148    0.483519    0.708595    -0.0218775    -0.264742
-0.516196    -0.217733    0.23124    0.48346    0.708266    -0.0223262    -0.26611
-0.516204    -0.211062    0.233307    0.483479    0.708592    -0.0231738    -0.264828
-0.516217    -0.204378    0.235356    0.483535    0.708636    -0.0215374    -0.264551
-0.516217    -0.197714    0.237455    0.483528    0.708261    -0.0197066    -0.265966
-0.516212    -0.191051    0.239582    0.483524    0.708404    -0.0207857    -0.265451
-0.516228    -0.184336    0.24167    0.483514    0.708745    -0.0226659    -0.264175
-0.516255    -0.177579    0.243749    0.483493    0.708527    -0.0225042    -0.265059
-0.516278    -0.170799    0.245868    0.483478    0.708279    -0.0218015    -0.266025
-0.516306    -0.164021    0.247992    0.48351    0.70856    -0.0220322    -0.264893
-0.516349    -0.157268    0.250083    0.483574    0.708906    -0.0212379    -0.263427
-0.51639    -0.150564    0.252188    0.48361    0.7087    -0.0185067    -0.264087
-0.516416    -0.14392    0.254336    0.483625    0.708607    -0.0168106    -0.264339
-0.516452    -0.137282    0.256467    0.483652    0.708958    -0.0178689    -0.26298
-0.516505    -0.13063    0.258556    0.483633    0.70913    -0.0197494    -0.262406
-0.516571    -0.123973    0.260604    0.483608    0.709299    -0.0214188    -0.261815
-0.516645    -0.117313    0.262621    0.483596    0.709234    -0.0217038    -0.262103
-0.516702    -0.110648    0.264669    0.483589    0.70891    -0.0207384    -0.263377
-0.516733    -0.103978    0.266765    0.483576    0.708528    -0.0191752    -0.264838
-0.51673    -0.0973038    0.268922    0.48356    0.708146    -0.017071    -0.266242
-0.516706    -0.0907206    0.271067    0.483607    0.708596    -0.0179337    -0.264472
-0.516688    -0.0844566    0.273015    0.483604    0.709169    -0.0211331    -0.262335
-0.516572    -0.07724    0.275162    0.483555    0.708882    -0.0218278    -0.263561
-0.516187    -0.06703    0.278154    0.483546    0.708749    -0.0215517    -0.264091
NEXT
-0.510956    -0.0670866    0.276304    0.48375    0.709716    -0.014015    -0.259523
-0.511156    -0.0771054    0.273245    0.48365    0.70916    -0.0190988    -0.262237
-0.511133    -0.0841717    0.271089    0.483594    0.709246    -0.0217749    -0.262057
-0.51104    -0.0903033    0.269159    0.483594    0.708604    -0.0188039    -0.264501
-0.510972    -0.0967585    0.267036    0.483612    0.708438    -0.0160629    -0.264974
-0.510907    -0.103335    0.264887    0.483659    0.70888    -0.0167363    -0.263215
-0.510836    -0.109948    0.262777    0.483648    0.709074    -0.0187526    -0.262566
-0.510756    -0.116584    0.260712    0.483615    0.709241    -0.0209267    -0.262025
-0.510668    -0.123238    0.258684    0.483579    0.709159    -0.0219991    -0.262429
-0.510587    -0.129899    0.256633    0.483555    0.70887    -0.0217711    -0.263606
-0.510518    -0.136564    0.254548    0.48354    0.708513    -0.0207144    -0.265005
-0.510476    -0.143213    0.252411    0.483518    0.708108    -0.019179    -0.266552
-0.510449    -0.149868    0.250245    0.483524    0.708215    -0.0195742    -0.266145
-0.510414    -0.156577    0.248099    0.48349    0.708312    -0.0215351    -0.265876
-0.510373    -0.163338    0.245971    0.483447    0.708286    -0.0228379    -0.266061
-0.510334    -0.170138    0.243849    0.483517    0.708618    -0.0220514    -0.264656
-0.510298    -0.176944    0.241747    0.483599    0.709068    -0.0208993    -0.262737
-0.510263    -0.183725    0.239675    0.483625    0.709239    -0.0205801    -0.262012
-0.510242    -0.19046    0.237585    0.483608    0.708763    -0.0190559    -0.263867
-0.51024    -0.197141    0.235449    0.483577    0.708443    -0.0185585    -0.265141
-0.510239    -0.203818    0.233339    0.483596    0.708842    -0.0199776    -0.263607
-0.510231    -0.210509    0.231281    0.483625    0.70914    -0.0201188    -0.26239
-0.51023    -0.217182    0.229225    0.483648    0.709115    -0.018964    -0.262411
-0.510237    -0.223837    0.227164    0.483669    0.709343    -0.0189531    -0.261471
-0.510218    -0.230525    0.225141    0.483653    0.709672    -0.0208579    -0.260236
-0.510187    -0.237227    0.22313    0.483603    0.708981    -0.0204422    -0.263067
-0.510201    -0.24385    0.221018    0.483501    0.707836    -0.0176188    -0.267544
-0.510227    -0.250338    0.218877    0.48355    0.708291    -0.0188669    -0.265784
-0.510162    -0.256579    0.216913    0.483634    0.709466    -0.0210569    -0.261101
-0.509847    -0.263831    0.214633    0.483706    0.709729    -0.0185891    -0.259842
-0.509036    -0.274102    0.211231    0.483774    0.710179    -0.0142096    -0.257603
NEXT
-0.503786    -0.273386    0.209718    0.483719    0.710115    -0.0190538    -0.258261
-0.504431    -0.26304    0.212985    0.483621    0.709704    -0.0221173    -0.260178
-0.504621    -0.255781    0.215172    0.483572    0.709445    -0.0231067    -0.261316
-0.50459    -0.249579    0.217061    0.483522    0.70828    -0.0201934    -0.26592
-0.504489    -0.243161    0.219135    0.483451    0.707663    -0.0188527    -0.268331
-0.50441    -0.236611    0.22121    0.483512    0.708481    -0.0216309    -0.265192
-0.504383    -0.229971    0.223218    0.483543    0.708975    -0.0226342    -0.263229
-0.504359    -0.223319    0.225236    0.483551    0.708802    -0.0216128    -0.263877
-0.50433    -0.21667    0.227276    0.483549    0.708774    -0.0215526    -0.263989
-0.504322    -0.209989    0.229315    0.483557    0.708966    -0.0220526    -0.263229
-0.504332    -0.203279    0.231363    0.483564    0.708755    -0.0209184    -0.264026
-0.504332    -0.196582    0.23348    0.483543    0.708256    -0.0190284    -0.265937
-0.504329    -0.189881    0.235633    0.483562    0.708511    -0.0197007    -0.264945
-0.50434    -0.183126    0.237737    0.483607    0.709104    -0.020714    -0.262579
-0.504367    -0.176324    0.239806    0.483635    0.709375    -0.0207209    -0.261458
-0.504411    -0.169487    0.241872    0.483617    0.709421    -0.0215315    -0.261318
-0.504456    -0.162659    0.243965    0.483588    0.70884    -0.0204476    -0.263647
-0.504486    -0.155884    0.246114    0.483569    0.708428    -0.0188879    -0.265228
-0.504507    -0.149157    0.248277    0.483553    0.708336    -0.0190346    -0.265615
-0.504525    -0.142473    0.25043    0.483495    0.708139    -0.0203886    -0.266509
-0.504558    -0.135796    0.252559    0.483476    0.708286    -0.0218807    -0.266003
-0.504615    -0.12911    0.25466    0.483515    0.708606    -0.0220959    -0.264711
-0.504687    -0.122437    0.256734    0.483552    0.708886    -0.0219182    -0.263549
-0.504771    -0.115785    0.258792    0.48358    0.708885    -0.0209317    -0.263493
-0.504867    -0.109184    0.260889    0.483594    0.708631    -0.018924    -0.264399
-0.504982    -0.102644    0.263022    0.483612    0.708618    -0.0178335    -0.264374
-0.505144    -0.0961941    0.265143    0.483592    0.708542    -0.0184871    -0.264733
-0.505356    -0.0899137    0.267209    0.483548    0.708597    -0.020815    -0.264666
-0.505619    -0.0839877    0.269127    0.483536    0.708937    -0.022717    -0.263386
-0.505873    -0.0771967    0.271329    0.483563    0.708445    -0.0193214    -0.265189
NEXT
-0.500784    -0.0774819    0.269327    0.483378    0.70789    -0.0230605    -0.26768
-0.500143    -0.0838687    0.267111    0.483445    0.70869    -0.0245328    -0.264504
-0.499632    -0.0895098    0.265201    0.483476    0.708521    -0.0229389    -0.265106
-0.49923    -0.0955505    0.263174    0.48351    0.708404    -0.0213133    -0.265487
-0.498943    -0.101831    0.261077    0.483511    0.7082    -0.0201112    -0.266243
-0.498768    -0.10828    0.258937    0.483502    0.708176    -0.0203272    -0.266351
-0.498656    -0.114851    0.256829    0.483523    0.708607    -0.0217892    -0.264686
-0.498593    -0.121519    0.254762    0.483527    0.708701    -0.0220495    -0.264317
-0.498569    -0.128228    0.252672    0.483483    0.708333    -0.0218639    -0.26581
-0.498579    -0.134962    0.250558    0.483438    0.708168    -0.0226085    -0.266526
-0.498601    -0.141701    0.248463    0.483513    0.708531    -0.021807    -0.264999
-0.49863    -0.14845    0.246375    0.483633    0.708941    -0.0188453    -0.263121
-0.498654    -0.155225    0.244251    0.483689    0.709142    -0.0163071    -0.262099
-0.498669    -0.162032    0.242121    0.483727    0.709612    -0.0165153    -0.26017
-0.498671    -0.168881    0.240034    0.483711    0.709829    -0.0186316    -0.259426
-0.498679    -0.175731    0.237958    0.483644    0.709216    -0.019637    -0.262043
-0.498711    -0.182545    0.23586    0.483536    0.70853    -0.0209921    -0.264951
-0.498749    -0.189317    0.233736    0.483454    0.708055    -0.0214575    -0.266917
-0.498782    -0.196047    0.23159    0.483476    0.708051    -0.0206371    -0.266882
-0.498806    -0.202767    0.229469    0.483473    0.708298    -0.0220405    -0.265962
-0.498825    -0.209487    0.227393    0.483355    0.708083    -0.0246611    -0.266985
-0.498858    -0.21617    0.225337    0.483241    0.707728    -0.0260227    -0.268488
-0.49891    -0.222812    0.223299    0.483204    0.707747    -0.0269361    -0.268454
-0.498955    -0.229442    0.221301    0.483248    0.708144    -0.0274069    -0.266864
-0.499007    -0.236046    0.219326    0.483336    0.707997    -0.0247637    -0.267338
-0.499129    -0.24255    0.217293    0.483327    0.707294    -0.0212286    -0.269977
-0.499301    -0.248921    0.215269    0.483374    0.707826    -0.0228635    -0.26793
-0.499459    -0.255098    0.213442    0.483379    0.708814    -0.026516    -0.264092
-0.499504    -0.262344    0.211364    0.483371    0.709043    -0.0273215    -0.263186
NEXT
-0.494217    -0.261661    0.209527    0.483393    0.709078    -0.0268838    -0.26302
-0.493659    -0.254659    0.211355    0.483459    0.708902    -0.0248206    -0.263645
-0.493298    -0.248493    0.213121    0.483493    0.708143    -0.0204692    -0.266498
-0.49305    -0.242105    0.215132    0.483497    0.707876    -0.0183738    -0.267436
-0.492919    -0.235576    0.217149    0.483523    0.708846    -0.0227334    -0.263763
-0.492895    -0.228946    0.219085    0.48342    0.708987    -0.0260364    -0.263358
-0.492867    -0.222294    0.22106    0.483347    0.708233    -0.0254547    -0.266414
-0.492809    -0.215635    0.223101    0.483308    0.707771    -0.0245494    -0.268242
-0.492737    -0.208941    0.225194    0.483355    0.707703    -0.0228346    -0.268423
-0.492656    -0.202208    0.227321    0.483454    0.708021    -0.0212921    -0.267043
-0.492568    -0.195451    0.229432    0.483453    0.708144    -0.0220115    -0.26659
-0.492462    -0.188674    0.231535    0.483383    0.707813    -0.0225914    -0.267964
-0.492315    -0.181874    0.233664    0.483409    0.707728    -0.0211478    -0.268222
-0.492151    -0.175048    0.235801    0.483528    0.708292    -0.0199439    -0.265857
-0.49201    -0.168187    0.237918    0.483638    0.708959    -0.0186591    -0.263033
-0.491882    -0.16131    0.240013    0.483685    0.709317    -0.0179419    -0.261502
-0.491758    -0.154439    0.242088    0.483658    0.709298    -0.0193881    -0.261688
-0.491631    -0.147567    0.244118    0.483574    0.709256    -0.0225254    -0.262062
-0.491494    -0.140693    0.246094    0.48344    0.708893    -0.0252792    -0.263708
-0.491349    -0.133829    0.248115    0.483321    0.707967    -0.0250312    -0.267475
-0.491204    -0.126984    0.250216    0.483268    0.707603    -0.0247717    -0.268931
-0.491123    -0.120184    0.252305    0.483283    0.707919    -0.0258052    -0.267706
-0.491126    -0.113454    0.25437    0.483291    0.707899    -0.0255004    -0.267774
-0.49124    -0.106895    0.256477    0.483265    0.707454    -0.0241553    -0.269502
NEXT
-0.484443    -0.208253    0.222211    0.483355    0.707403    -0.0209487    -0.269521
-0.484554    -0.214998    0.22009    0.483379    0.708031    -0.0237327    -0.267147
-0.484581    -0.221729    0.218055    0.483448    0.708921    -0.0251724    -0.263587
-0.484524    -0.228491    0.216091    0.483497    0.709891    -0.0260655    -0.259616
-0.484439    -0.235266    0.214153    0.483616    0.709538    -0.0218515    -0.260855
-0.484531    -0.241962    0.212082    0.483568    0.708109    -0.0158577    -0.266299
-0.484873    -0.248491    0.210016    0.483551    0.708172    -0.0179136    -0.2662
NEXT
