-0.663622    -0.259775    0.273195    0.483339    0.707968    -0.0229968    -0.267557
-0.664303    -0.25418    0.275237    0.483157    0.707388    -0.0251682    -0.270012
-0.664975    -0.248278    0.277392    0.483017    0.707119    -0.0271684    -0.271181
-0.665718    -0.242118    0.279623    0.483059    0.707488    -0.0278603    -0.269729
-0.654764    -0.264715    0.268347    0.483501    0.708737    -0.0212438    -0.264316
-0.655339    -0.258889    0.270314    0.483436    0.709026    -0.0243431    -0.26331
-0.655853    -0.252886    0.272311    0.483338    0.708457    -0.0250919    -0.265678
-0.656319    -0.246734    0.274377    0.483232    0.707862    -0.0254246    -0.268113
-0.656761    -0.240437    0.276543    0.483217    0.70744    -0.0238224    -0.269734
-0.657191    -0.233994    0.278795    0.483338    0.707846    -0.0224319    -0.268015
-0.657631    -0.227414    0.281015    0.483429    0.708678    -0.0233751    -0.264686
-0.658074    -0.220709    0.283193    0.483445    0.709002    -0.0240217    -0.263389
-0.65848    -0.213929    0.28536    0.48345    0.709091    -0.0241654    -0.263032
NEXT
-0.651796    -0.185426    0.291706    0.483479    0.709085    -0.0232903    -0.26301
-0.651655    -0.192393    0.289524    0.483487    0.708599    -0.02111    -0.264871
-0.651521    -0.199291    0.287278    0.483477    0.708234    -0.019469    -0.266252
-0.651367    -0.20613    0.28507    0.483517    0.708882    -0.0213484    -0.263728
-0.651175    -0.212916    0.28296    0.483524    0.70936    -0.0227657    -0.261842
-0.650963    -0.219656    0.280881    0.483539    0.709375    -0.0223362    -0.261755
-0.650741    -0.22635    0.278797    0.48356    0.709109    -0.0206444    -0.262747
-0.650535    -0.232942    0.276635    0.483491    0.708148    -0.0179574    -0.266495
-0.650339    -0.239422    0.274405    0.483438    0.70791    -0.0188319    -0.267524
-0.650082    -0.245816    0.272274    0.483486    0.708723    -0.0217574    -0.264405
-0.649755    -0.252134    0.270249    0.483522    0.709295    -0.0226349    -0.262106
-0.649373    -0.258402    0.268259    0.483529    0.709567    -0.0231174    -0.261008
-0.648962    -0.264601    0.266255    0.483523    0.708753    -0.0205128    -0.264202
NEXT
-0.643682    -0.270897    0.262217    0.483298    0.707064    -0.0180038    -0.270876
-0.643846    -0.264475    0.264385    0.483394    0.708233    -0.022631    -0.266456
-0.644109    -0.258014    0.266419    0.483399    0.709109    -0.0256077    -0.26303
-0.644374    -0.25156    0.268421    0.483418    0.708972    -0.0247324    -0.26355
-0.644599    -0.245127    0.270437    0.48343    0.708539    -0.0228451    -0.265221
-0.644744    -0.238664    0.272557    0.483378    0.707625    -0.0193065    -0.268711
-0.644812    -0.23215    0.274775    0.483408    0.707746    -0.0189561    -0.268196
-0.644895    -0.225546    0.276909    0.483503    0.708868    -0.0217161    -0.263809
-0.645003    -0.218859    0.278949    0.483532    0.709357    -0.022521    -0.26184
-0.645113    -0.212143    0.280983    0.483542    0.709436    -0.0224297    -0.261511
-0.645219    -0.205395    0.283047    0.483533    0.708996    -0.0211097    -0.263242
-0.645306    -0.198598    0.285206    0.483489    0.708351    -0.01963    -0.265789
-0.645388    -0.191744    0.287406    0.483488    0.708644    -0.0213235    -0.264701
-0.645486    -0.184822    0.289553    0.483498    0.709149    -0.0229677    -0.262726
-0.645583    -0.177891    0.291671    0.483515    0.7091    -0.0222324    -0.262886
-0.645657    -0.171011    0.293784    0.483532    0.709047    -0.0213749    -0.263048
-0.645706    -0.164199    0.295897    0.483548    0.708899    -0.0201242    -0.263577
-0.645724    -0.157466    0.298013    0.483556    0.708726    -0.0188327    -0.264201
-0.645704    -0.150795    0.300142    0.483513    0.708336    -0.0182479    -0.265749
-0.645644    -0.144176    0.302273    0.483446    0.708162    -0.0203174    -0.266605
-0.645558    -0.137589    0.304284    0.483406    0.708805    -0.0245162    -0.264228
NEXT
-0.63822    -0.0989453    0.313202    0.483521    0.708553    -0.0194452    -0.264949
-0.638544    -0.10484    0.3115    0.483491    0.709045    -0.0228285    -0.263146
-0.638802    -0.111127    0.309746    0.483394    0.709019    -0.0254393    -0.263395
-0.639022    -0.117552    0.307889    0.483332    0.708175    -0.0241112    -0.266776
-0.63921    -0.124013    0.305924    0.483341    0.708046    -0.0232937    -0.267257
-0.639332    -0.130535    0.303969    0.483343    0.708616    -0.0255076    -0.265049
-0.639384    -0.137118    0.302044    0.483309    0.708606    -0.0262851    -0.265126
-0.639413    -0.143733    0.300053    0.483388    0.70843    -0.0236214    -0.265712
-0.639429    -0.150372    0.297994    0.483516    0.708672    -0.0203489    -0.264525
-0.63944    -0.157031    0.295902    0.483555    0.708733    -0.0189553    -0.26418
-0.639441    -0.163727    0.293793    0.483544    0.708799    -0.0197425    -0.263962
-0.639422    -0.170495    0.291685    0.48353    0.708918    -0.0209541    -0.263553
-0.639383    -0.177329    0.289578    0.483509    0.708956    -0.0218905    -0.263455
-0.639327    -0.184215    0.287468    0.483491    0.709006    -0.0226572    -0.263297
-0.639268    -0.191096    0.285341    0.483484    0.708658    -0.0215425    -0.264657
-0.639221    -0.197914    0.283183    0.483495    0.708496    -0.0202712    -0.265241
-0.639166    -0.204678    0.281063    0.483528    0.709027    -0.02149    -0.263139
-0.639094    -0.211394    0.279024    0.483523    0.70932    -0.0226756    -0.262003
-0.639021    -0.218084    0.276996    0.483496    0.709065    -0.0227002    -0.263059
-0.638958    -0.224753    0.274944    0.483442    0.708478    -0.0221333    -0.265428
-0.638923    -0.231362    0.272808    0.483357    0.707523    -0.0195168    -0.269136
-0.638909    -0.237905    0.270594    0.483371    0.707568    -0.0191959    -0.268933
-0.638832    -0.244421    0.268469    0.483422    0.7084    -0.0224658    -0.26577
-0.638693    -0.250937    0.266438    0.483373    0.70871    -0.0250617    -0.264642
-0.638539    -0.257538    0.26442    0.483326    0.708827    -0.0265364    -0.264235
-0.638422    -0.264214    0.262372    0.483319    0.708034    -0.0238948    -0.267335
-0.638451    -0.270923    0.260197    0.483277    0.707085    -0.0192177    -0.270876
NEXT
-0.633014    -0.270791    0.258167    0.483354    0.707409    -0.0186404    -0.269535
-0.632838    -0.263862    0.260348    0.483423    0.708356    -0.0221885    -0.265932
-0.632835    -0.257025    0.26241    0.483452    0.709088    -0.0241363    -0.263042
-0.632894    -0.250317    0.264449    0.483501    0.708914    -0.0220139    -0.263636
-0.632962    -0.243742    0.26651    0.483546    0.708711    -0.0192173    -0.264288
-0.632999    -0.237182    0.268639    0.483496    0.708111    -0.0173984    -0.266604
-0.633002    -0.2306    0.270826    0.483424    0.707887    -0.0193148    -0.267652
-0.633032    -0.223976    0.272948    0.483397    0.708369    -0.0231207    -0.265931
-0.633091    -0.217314    0.274997    0.483358    0.708556    -0.0249327    -0.265267
-0.633155    -0.210644    0.27703    0.483375    0.708687    -0.0249446    -0.264731
-0.633212    -0.203958    0.279073    0.483428    0.708589    -0.023107    -0.265032
-0.633248    -0.197227    0.281182    0.483452    0.708338    -0.0211006    -0.265937
-0.633275    -0.190443    0.283316    0.483469    0.708681    -0.0221294    -0.264598
-0.633314    -0.183592    0.285406    0.483406    0.708878    -0.0247389    -0.263937
-0.633351    -0.176736    0.287481    0.483321    0.708392    -0.0252926    -0.265954
-0.633368    -0.169935    0.289571    0.483286    0.708072    -0.0249372    -0.267235
-0.633366    -0.163197    0.291672    0.483285    0.707852    -0.0240256    -0.268081
-0.633346    -0.156525    0.29378    0.483307    0.707823    -0.0232664    -0.268157
-0.633331    -0.149872    0.295862    0.483358    0.708246    -0.0237057    -0.266467
-0.633329    -0.143219    0.2979    0.483412    0.708672    -0.0238839    -0.264739
-0.633329    -0.136581    0.299895    0.48344    0.708996    -0.0241947    -0.263424
-0.633321    -0.129964    0.301858    0.483445    0.7089    -0.023725    -0.263792
-0.633279    -0.123377    0.303859    0.483415    0.708366    -0.0225273    -0.265909
-0.633202    -0.116814    0.305885    0.483383    0.708316    -0.0232556    -0.266157
-0.633111    -0.110248    0.307857    0.483429    0.70881    -0.0238705    -0.264171
-0.632997    -0.103801    0.309765    0.483491    0.708798    -0.0218438    -0.264103
-0.63284    -0.097777    0.311592    0.483468    0.708287    -0.0200898    -0.266081
-0.63269    -0.0910735    0.313691    0.483478    0.70826    -0.0194931    -0.266148
NEXT
-0.627457    -0.0808385    0.315111    0.483436    0.70774    -0.0172769    -0.268099
-0.627352    -0.0899584    0.312049    0.483378    0.707736    -0.0202866    -0.268327
-0.627355    -0.0967109    0.309884    0.483452    0.708408    -0.0214953    -0.265677
-0.627389    -0.102831    0.307991    0.483484    0.708682    -0.0215845    -0.264561
-0.627405    -0.109394    0.305976    0.483441    0.708613    -0.022742    -0.264916
-0.627412    -0.116066    0.30392    0.483404    0.708404    -0.0230045    -0.265783
-0.627415    -0.122714    0.30186    0.483423    0.70854    -0.0230353    -0.265228
-0.627407    -0.129362    0.299843    0.483448    0.709008    -0.023944    -0.263363
-0.62739    -0.136015    0.297864    0.483461    0.70897    -0.0234476    -0.263492
-0.627394    -0.142664    0.295825    0.483387    0.708214    -0.0226485    -0.266536
-0.62742    -0.14931    0.293725    0.483239    0.707569    -0.0238467    -0.269216
-0.627454    -0.155952    0.29161    0.483166    0.707317    -0.0245574    -0.270265
-0.627485    -0.162609    0.289499    0.483185    0.707565    -0.0253204    -0.269306
-0.627494    -0.169328    0.287412    0.483218    0.707958    -0.0261637    -0.267759
-0.627478    -0.176108    0.285358    0.483277    0.70857    -0.0269688    -0.265307
-0.627431    -0.182949    0.283353    0.483367    0.709361    -0.0269273    -0.262054
-0.627385    -0.18978    0.281322    0.483462    0.708786    -0.0228029    -0.26421
-0.627368    -0.196532    0.279192    0.483414    0.708029    -0.0207642    -0.267172
-0.627346    -0.203229    0.27706    0.483378    0.708199    -0.0229125    -0.266611
-0.627299    -0.209886    0.274987    0.483325    0.708342    -0.0250282    -0.266145
-0.627233    -0.216545    0.272952    0.483321    0.708583    -0.0259873    -0.265207
-0.627155    -0.223218    0.270937    0.483393    0.708729    -0.0246018    -0.26454
-0.627103    -0.229875    0.268869    0.483478    0.708453    -0.0206793    -0.265441
-0.627084    -0.236506    0.266735    0.483554    0.708566    -0.0176799    -0.264769
-0.627068    -0.243106    0.26461    0.483572    0.708695    -0.0176374    -0.264236
-0.627058    -0.249716    0.26251    0.483536    0.708804    -0.0201232    -0.263967
-0.627072    -0.256493    0.260442    0.483509    0.709145    -0.0226059    -0.262722
-0.627158    -0.263437    0.258363    0.483482    0.708507    -0.0208089    -0.26523
-0.627427    -0.270515    0.25616    0.483396    0.707553    -0.017813    -0.268897
NEXT
-0.621746    -0.270127    0.254175    0.483409    0.707572    -0.017178    -0.268771
-0.621431    -0.262956    0.256397    0.483496    0.708559    -0.0205147    -0.264997
-0.6213    -0.255945    0.258477    0.483483    0.709057    -0.0231119    -0.263115
-0.621239    -0.249122    0.260555    0.483465    0.708385    -0.0208502    -0.265731
-0.621204    -0.242483    0.262682    0.483479    0.708196    -0.0190352    -0.26638
-0.621196    -0.235847    0.264803    0.483496    0.708479    -0.020132    -0.2653
-0.621218    -0.229172    0.266898    0.48346    0.708662    -0.0223928    -0.264695
-0.621271    -0.222487    0.268938    0.483447    0.709056    -0.0241926    -0.263179
-0.621345    -0.215803    0.27094    0.483468    0.709078    -0.0235868    -0.263055
-0.621404    -0.209147    0.272977    0.483473    0.708741    -0.0222331    -0.264359
-0.621444    -0.202503    0.275059    0.483454    0.708367    -0.0211841    -0.265826
-0.621458    -0.19583    0.277195    0.483421    0.707996    -0.0201801    -0.26727
-0.621472    -0.189107    0.27932    0.483462    0.708816    -0.0228896    -0.26409
-0.621522    -0.182305    0.281329    0.483456    0.709853    -0.0257104    -0.259956
-0.621576    -0.175492    0.283307    0.483506    0.709421    -0.023503    -0.261635
-0.6216    -0.168734    0.285342    0.483507    0.708926    -0.021827    -0.263578
-0.621602    -0.162029    0.287412    0.483466    0.708528    -0.0215265    -0.265191
-0.621588    -0.155372    0.289505    0.483379    0.70802    -0.0219951    -0.267288
-0.621565    -0.148728    0.291623    0.483305    0.707661    -0.0223854    -0.26876
-0.621541    -0.142081    0.293758    0.4833    0.707785    -0.0232206    -0.268307
-0.62155    -0.135415    0.295822    0.483304    0.708474    -0.0260067    -0.265654
-0.621593    -0.128731    0.297811    0.48328    0.708542    -0.0267557    -0.265409
-0.621634    -0.12204    0.299854    0.483307    0.708145    -0.0247014    -0.266931
-0.621669    -0.115337    0.301959    0.483371    0.708185    -0.0230626    -0.266679
-0.62171    -0.108592    0.304083    0.483428    0.708387    -0.0221889    -0.265806
-0.621756    -0.101949    0.306169    0.48346    0.708563    -0.021904    -0.265068
-0.621802    -0.0957673    0.308097    0.483442    0.708594    -0.0226567    -0.264986
-0.621892    -0.0889958    0.310276    0.483327    0.707611    -0.0213988    -0.268906
-0.622094    -0.0799337    0.313365    0.48318    0.706851    -0.0211713    -0.27194
NEXT
-0.616579    -0.0791699    0.311407    0.48319    0.707168    -0.023058    -0.270782
-0.616325    -0.0881729    0.308399    0.483391    0.708065    -0.0218373    -0.267092
-0.616189    -0.0949416    0.306246    0.483481    0.708899    -0.0225917    -0.263735
-0.616103    -0.101154    0.304306    0.483486    0.708651    -0.021374    -0.264674
-0.616027    -0.107847    0.302178    0.483457    0.708355    -0.0209976    -0.265863
-0.615966    -0.114635    0.300001    0.483402    0.708056    -0.0213634    -0.267102
-0.615921    -0.121363    0.297833    0.483342    0.708005    -0.0231145    -0.267414
-0.615862    -0.128078    0.295751    0.483299    0.708537    -0.0263204    -0.265412
-0.61579    -0.134787    0.293749    0.48328    0.708516    -0.0266937    -0.265513
-0.615745    -0.141475    0.291689    0.483324    0.708035    -0.0237312    -0.267325
-0.615727    -0.148142    0.289574    0.483424    0.70828    -0.0218345    -0.266219
-0.615705    -0.154803    0.287491    0.483517    0.708852    -0.0211644    -0.263838
-0.615676    -0.16147    0.285437    0.483576    0.709207    -0.0202645    -0.26232
-0.615646    -0.168166    0.283384    0.483599    0.709371    -0.0199083    -0.261617
-0.61561    -0.174897    0.281343    0.483586    0.709583    -0.0212206    -0.260827
-0.615558    -0.181665    0.279335    0.48351    0.709601    -0.0238033    -0.260903
-0.615514    -0.188424    0.277302    0.483445    0.708644    -0.0228083    -0.264793
-0.6155    -0.195123    0.275187    0.483421    0.708079    -0.0207814    -0.266972
-0.615486    -0.201787    0.273073    0.483474    0.708546    -0.0212937    -0.2651
-0.615454    -0.208432    0.271012    0.483516    0.70896    -0.021707    -0.263429
-0.615413    -0.215092    0.268977    0.483517    0.709123    -0.0222531    -0.262792
-0.615371    -0.221782    0.266954    0.48348    0.70901    -0.0230263    -0.263302
-0.615345    -0.228488    0.264909    0.483469    0.708766    -0.0224648    -0.26427
-0.615341    -0.235201    0.262832    0.483487    0.708526    -0.0207553    -0.265149
-0.615375    -0.241867    0.260713    0.483459    0.708068    -0.0190023    -0.266898
-0.615444    -0.24853    0.258574    0.483472    0.708386    -0.0205588    -0.265706
-0.615527    -0.25538    0.256506    0.483495    0.709254    -0.0233455    -0.262313
-0.615669    -0.262425    0.254443    0.483505    0.708639    -0.0206554    -0.264679
-0.615989    -0.269641    0.252205    0.48339    0.707462    -0.0169418    -0.269197
NEXT
-0.610177    -0.269078    0.250225    0.483346    0.707239    -0.0171402    -0.270107
-0.609868    -0.261851    0.252484    0.483495    0.708547    -0.0205319    -0.265046
-0.609722    -0.254803    0.254556    0.483545    0.709417    -0.022194    -0.261575
-0.609627    -0.247945    0.256629    0.483549    0.708667    -0.0187661    -0.264435
-0.609541    -0.241264    0.258772    0.483525    0.708338    -0.0176089    -0.265696
-0.60949    -0.234571    0.260886    0.483547    0.708853    -0.02001    -0.263758
-0.609481    -0.227824    0.262946    0.483522    0.709053    -0.0218362    -0.263055
-0.609489    -0.221095    0.264985    0.483499    0.709043    -0.0226004    -0.26314
-0.60951    -0.214393    0.267011    0.483484    0.708987    -0.0228433    -0.263388
-0.609536    -0.207724    0.269038    0.483467    0.708864    -0.0229633    -0.263897
-0.609563    -0.201076    0.27108    0.483438    0.708521    -0.0225037    -0.265277
-0.609576    -0.194419    0.273171    0.483391    0.708088    -0.0219426    -0.267008
-0.60959    -0.18774    0.275278    0.483402    0.708369    -0.0229137    -0.265921
-0.609626    -0.181025    0.277346    0.483495    0.709024    -0.0226328    -0.26322
-0.609672    -0.1743    0.279395    0.483571    0.7093    -0.0208754    -0.261975
-0.60972    -0.167594    0.281444    0.483584    0.709333    -0.0204398    -0.261809
-0.609772    -0.160908    0.283492    0.483583    0.709325    -0.0204964    -0.261848
-0.609829    -0.154239    0.285535    0.483587    0.709319    -0.0203246    -0.261859
-0.609889    -0.147563    0.287592    0.483546    0.709054    -0.020922    -0.262992
-0.609952    -0.140871    0.289666    0.483436    0.708685    -0.0231903    -0.264644
-0.610027    -0.134164    0.291722    0.48341    0.708837    -0.0245278    -0.264094
-0.610114    -0.127441    0.293764    0.483493    0.708931    -0.0223613    -0.263589
-0.610185    -0.120711    0.295885    0.483509    0.70846    -0.0193916    -0.265326
-0.610243    -0.11396    0.298084    0.483499    0.70832    -0.0189201    -0.265865
-0.610317    -0.107143    0.300295    0.483522    0.708514    -0.0191886    -0.265092
-0.610407    -0.100416    0.30245    0.483555    0.708891    -0.0198487    -0.263594
-0.610511    -0.0941744    0.304401    0.483562    0.709304    -0.0212454    -0.261983
-0.610668    -0.0873858    0.306535    0.48352    0.708746    -0.0205906    -0.264236
-0.61094    -0.0783792    0.309477    0.483405    0.70809    -0.0214376    -0.266968
NEXT
-0.605193    -0.0775335    0.307601    0.483473    0.708528    -0.0212436    -0.265173
-0.604931    -0.0866113    0.304684    0.483511    0.708848    -0.0213773    -0.263868
-0.604776    -0.0934456    0.30255    0.483509    0.709088    -0.0223752    -0.262941
-0.60467    -0.0997182    0.300584    0.483485    0.708585    -0.0211379    -0.26493
-0.604577    -0.106468    0.298412    0.483466    0.708274    -0.0201609    -0.266139
-0.604493    -0.113307    0.296194    0.483487    0.708331    -0.0195805    -0.265865
-0.604416    -0.12008    0.293999    0.483536    0.708582    -0.0189278    -0.264793
-0.604337    -0.126823    0.291846    0.483526    0.708759    -0.0203344    -0.264168
-0.604252    -0.133547    0.28974    0.483436    0.708695    -0.0232276    -0.264606
-0.604157    -0.14027    0.287679    0.483422    0.708955    -0.0245687    -0.263612
-0.604057    -0.146986    0.285652    0.483492    0.709158    -0.0231792    -0.262703
-0.603973    -0.153671    0.283608    0.483522    0.709026    -0.0217395    -0.263161
-0.603905    -0.160335    0.281549    0.483519    0.709008    -0.0217373    -0.263234
-0.603839    -0.16701    0.279499    0.483517    0.709062    -0.0220338    -0.263029
-0.603783    -0.173695    0.277442    0.483503    0.708844    -0.0216973    -0.263906
-0.603741    -0.180382    0.275357    0.483459    0.7085    -0.0217239    -0.265314
-0.603714    -0.187061    0.273259    0.483419    0.708302    -0.0220748    -0.266143
-0.6037    -0.193722    0.271159    0.483422    0.708281    -0.0218957    -0.26622
-0.603686    -0.200374    0.269084    0.483445    0.708619    -0.0226569    -0.264884
-0.603665    -0.207024    0.267054    0.483453    0.708876    -0.0234076    -0.263875
-0.603647    -0.213703    0.265039    0.483459    0.708992    -0.0235661    -0.263405
-0.603634    -0.220421    0.263026    0.483477    0.709071    -0.0233675    -0.263069
-0.603633    -0.227175    0.260999    0.483482    0.709015    -0.0229758    -0.263281
-0.60365    -0.233951    0.25895    0.483478    0.708684    -0.0218514    -0.26457
-0.603704    -0.24067    0.256848    0.483476    0.708211    -0.0192376    -0.266332
-0.603792    -0.247365    0.254711    0.483532    0.708568    -0.0190168    -0.264858
-0.60389    -0.254215    0.252619    0.483527    0.709089    -0.0217712    -0.262902
-0.604035    -0.26124    0.250514    0.483429    0.708151    -0.0208728    -0.266684
-0.60432    -0.268449    0.248229    0.483299    0.707041    -0.0176138    -0.270937
NEXT
-0.598449    -0.26778    0.246214    0.483283    0.707098    -0.0190429    -0.270811
-0.598207    -0.260602    0.2485    0.483324    0.70768    -0.0218681    -0.268655
-0.598069    -0.253616    0.25065    0.483452    0.708506    -0.0219221    -0.265301
-0.597977    -0.24678    0.252756    0.483462    0.708408    -0.021068    -0.265649
-0.597906    -0.24006    0.254854    0.483334    0.707981    -0.0231838    -0.267514
-0.597856    -0.233316    0.256941    0.483292    0.708075    -0.0248183    -0.267217
-0.597826    -0.226522    0.259011    0.483377    0.708528    -0.0243493    -0.26535
-0.597817    -0.219753    0.261052    0.483429    0.708881    -0.0241399    -0.263894
-0.597824    -0.213023    0.263065    0.483443    0.708928    -0.0238496    -0.263684
-0.597837    -0.206339    0.265084    0.483462    0.708872    -0.023083    -0.263872
-0.597852    -0.199689    0.267118    0.483481    0.708725    -0.021935    -0.264407
-0.597864    -0.193044    0.269189    0.483482    0.708512    -0.0208536    -0.265212
-0.597881    -0.186396    0.271283    0.483476    0.708522    -0.0211818    -0.265192
-0.597913    -0.179738    0.273371    0.483428    0.708431    -0.0224116    -0.265637
-0.597959    -0.173074    0.275449    0.483382    0.708427    -0.0237636    -0.265732
-0.59802    -0.166406    0.277508    0.483393    0.708589    -0.0241045    -0.265088
-0.598091    -0.159739    0.27956    0.483391    0.708611    -0.024263    -0.265005
-0.598171    -0.153072    0.281608    0.483334    0.708526    -0.0254469    -0.265415
-0.598268    -0.146379    0.283641    0.483299    0.708673    -0.0267431    -0.264873
-0.598379    -0.139652    0.285662    0.483331    0.708672    -0.02598    -0.264843
-0.598474    -0.132925    0.28775    0.483405    0.70829    -0.0225018    -0.266218
-0.598547    -0.126203    0.289914    0.483489    0.708392    -0.0199441    -0.265642
-0.59863    -0.119448    0.292081    0.483496    0.708558    -0.020572    -0.265007
-0.598725    -0.112648    0.294246    0.483404    0.708242    -0.022253    -0.266398
-0.598819    -0.105787    0.296446    0.483325    0.707905    -0.0231378    -0.267819
-0.598913    -0.0990174    0.298617    0.483301    0.707985    -0.0241648    -0.26755
-0.59901    -0.0927166    0.300603    0.483349    0.708392    -0.0245519    -0.265918
-0.599147    -0.0858262    0.302771    0.483419    0.708452    -0.0228143    -0.265577
-0.599382    -0.0766337    0.305721    0.483469    0.708506    -0.02132    -0.265265
NEXT
-0.593508    -0.0757103    0.303818    0.483432    0.708209    -0.0211564    -0.266468
-0.593314    -0.0850411    0.300792    0.48336    0.708076    -0.0228598    -0.267111
-0.593203    -0.0919927    0.298574    0.483323    0.708113    -0.0241185    -0.26703
-0.593118    -0.0983203    0.296575    0.483341    0.708158    -0.0238278    -0.266831
-0.593024    -0.10511    0.294428    0.483426    0.708443    -0.0225268    -0.265597
-0.592924    -0.11199    0.292265    0.483486    0.708759    -0.021874    -0.264263
-0.592821    -0.11881    0.290131    0.483492    0.708686    -0.0213298    -0.264531
-0.59274    -0.125577    0.287962    0.483455    0.708158    -0.01984    -0.266587
-0.592681    -0.132299    0.28576    0.483442    0.708181    -0.0205744    -0.266544
-0.5926    -0.139025    0.283636    0.483433    0.708755    -0.0235641    -0.264379
-0.592499    -0.145753    0.281593    0.483391    0.708878    -0.0251171    -0.263956
-0.592401    -0.152452    0.279565    0.483385    0.708849    -0.0251873    -0.264081
-0.592314    -0.159124    0.277537    0.483393    0.70868    -0.0244245    -0.264733
-0.592245    -0.165783    0.275482    0.483345    0.708292    -0.0242895    -0.266309
-0.592189    -0.172435    0.273418    0.483302    0.708257    -0.0253025    -0.266506
-0.592131    -0.179089    0.271375    0.483357    0.708557    -0.0249785    -0.265264
-0.592085    -0.18574    0.269328    0.483437    0.708564    -0.0226957    -0.265112
-0.592061    -0.192382    0.267252    0.483485    0.708552    -0.0209432    -0.265055
-0.592048    -0.199022    0.265178    0.483504    0.708743    -0.0211614    -0.264286
-0.592038    -0.205668    0.263127    0.48347    0.70875    -0.0224189    -0.264333
-0.59203    -0.212353    0.261091    0.483429    0.708773    -0.0237858    -0.264316
-0.592026    -0.21909    0.259062    0.483401    0.708673    -0.0241938    -0.26475
-0.592045    -0.225867    0.256992    0.483362    0.708254    -0.0236374    -0.266429
-0.592086    -0.232671    0.254884    0.483329    0.708114    -0.0239949    -0.267016
-0.592125    -0.239439    0.252813    0.483377    0.708478    -0.0241239    -0.265542
-0.592168    -0.246186    0.250767    0.483453    0.708563    -0.0221495    -0.265084
-0.592248    -0.253006    0.24865    0.483406    0.708051    -0.021173    -0.26711
-0.592374    -0.259942    0.246455    0.483302    0.707531    -0.021667    -0.269243
-0.59256    -0.267077    0.244185    0.483324    0.707461    -0.0204451    -0.269447
NEXT
-0.586637    -0.266351    0.242153    0.483356    0.707767    -0.0213098    -0.268269
-0.5865    -0.259266    0.244408    0.483314    0.70751    -0.0211445    -0.269294
-0.58639    -0.252378    0.246632    0.483371    0.707724    -0.0204234    -0.268387
-0.586323    -0.24558    0.248769    0.483459    0.708594    -0.0221153    -0.264956
-0.586299    -0.238821    0.250804    0.483468    0.708946    -0.0231488    -0.26357
-0.586276    -0.232036    0.252868    0.483438    0.708536    -0.0224951    -0.265214
-0.586246    -0.225217    0.254978    0.483389    0.70834    -0.0232067    -0.266055
-0.586234    -0.21843    0.257058    0.483381    0.708547    -0.0243043    -0.26527
-0.586239    -0.21169    0.259105    0.48341    0.708563    -0.023517    -0.265163
-0.586242    -0.205009    0.261172    0.483467    0.708502    -0.0213445    -0.265284
-0.586246    -0.19837    0.263251    0.483524    0.708794    -0.0205863    -0.264039
-0.586269    -0.191727    0.265307    0.483477    0.708812    -0.0223774    -0.264076
-0.586312    -0.185079    0.267337    0.483353    0.708622    -0.0252903    -0.265013
-0.586372    -0.178429    0.269338    0.483248    0.708558    -0.0275401    -0.265379
-0.586432    -0.171783    0.27136    0.483228    0.708004    -0.0260951    -0.267567
-0.586474    -0.165149    0.273451    0.483317    0.707896    -0.0233006    -0.267865
-0.586525    -0.158505    0.275538    0.483441    0.708645    -0.0229013    -0.264792
-0.586601    -0.151839    0.27758    0.483508    0.709177    -0.0226858    -0.262596
-0.586688    -0.145141    0.279618    0.483548    0.70931    -0.0217896    -0.261992
-0.586775    -0.13841    0.281677    0.483564    0.709172    -0.0206488    -0.26249
-0.586847    -0.131674    0.2838    0.483516    0.708518    -0.0194495    -0.265095
-0.586901    -0.124935    0.28599    0.483439    0.708119    -0.0203355    -0.266779
-0.586966    -0.118165    0.288167    0.483489    0.70849    -0.0205308    -0.265279
-0.587046    -0.111352    0.290323    0.483589    0.709149    -0.0194481    -0.2625
-0.587141    -0.104464    0.292459    0.48357    0.709339    -0.0210433    -0.261825
-0.587241    -0.0976523    0.294548    0.483452    0.708806    -0.0231922    -0.264151
-0.587323    -0.0912956    0.296525    0.483359    0.708288    -0.0238945    -0.266306
-0.587417    -0.0842871    0.29876    0.483322    0.707851    -0.0228935    -0.268023
-0.587568    -0.0748379    0.301852    0.483378    0.707843    -0.0209401    -0.267936
NEXT
-0.581561    -0.07404    0.299851    0.483451    0.707965    -0.0186208    -0.267287
-0.581451    -0.0835764    0.296718    0.483466    0.708282    -0.0201703    -0.266106
-0.581372    -0.090629    0.294486    0.4835    0.708938    -0.0220978    -0.263541
-0.581291    -0.0970081    0.29254    0.483517    0.709341    -0.0229472    -0.261933
-0.581192    -0.103834    0.290501    0.483527    0.709431    -0.0228779    -0.261555
-0.581114    -0.11072    0.28838    0.483512    0.70867    -0.0205379    -0.264545
-0.581069    -0.117516    0.286189    0.483462    0.708178    -0.0197685    -0.266503
-0.581025    -0.124288    0.284011    0.483494    0.708466    -0.0200912    -0.265349
-0.580974    -0.131052    0.281866    0.483565    0.708927    -0.0194835    -0.263419
-0.580914    -0.137802    0.279757    0.483573    0.709137    -0.0202221    -0.262604
-0.580849    -0.144531    0.27768    0.483514    0.708975    -0.0218289    -0.263375
-0.580785    -0.151223    0.275618    0.48346    0.708789    -0.0228714    -0.2642
-0.580729    -0.15788    0.273552    0.483419    0.708355    -0.0223482    -0.265945
-0.580699    -0.16451    0.271436    0.483382    0.70788    -0.0210524    -0.267793
-0.580673    -0.171132    0.269326    0.483422    0.708514    -0.0229425    -0.265331
-0.580614    -0.177774    0.267316    0.483442    0.709342    -0.0250628    -0.262044
-0.580544    -0.184426    0.265348    0.483475    0.709301    -0.0241013    -0.262164
-0.580486    -0.191081    0.263361    0.483495    0.709185    -0.0231215    -0.262585
-0.58045    -0.197728    0.261325    0.4835    0.708716    -0.0211324    -0.264397
-0.580445    -0.204364    0.259227    0.483492    0.708425    -0.019957    -0.265509
-0.580442    -0.21104    0.257129    0.483479    0.708622    -0.0214881    -0.2648
-0.580433    -0.217777    0.255052    0.483417    0.70856    -0.0233009    -0.265163
-0.580429    -0.22457    0.252966    0.483395    0.708461    -0.0235786    -0.265585
-0.580433    -0.231403    0.250869    0.483431    0.708631    -0.0231599    -0.264865
-0.580437    -0.238196    0.248803    0.483426    0.708747    -0.0237416    -0.264424
-0.580447    -0.244954    0.246746    0.483374    0.708226    -0.0231429    -0.266517
-0.580498    -0.251734    0.244595    0.483335    0.707557    -0.020662    -0.269075
-0.580581    -0.258586    0.242368    0.483394    0.707802    -0.0201172    -0.268048
-0.580672    -0.265617    0.240136    0.483466    0.708304    -0.0203336    -0.266027
NEXT
-0.574719    -0.27342    0.235505    0.483579    0.70887    -0.018428    -0.263579
-0.574657    -0.264897    0.238163    0.483566    0.708849    -0.0190555    -0.26371
-0.574613    -0.257917    0.240355    0.483489    0.708391    -0.0198914    -0.265644
-0.574575    -0.251075    0.242533    0.483331    0.707805    -0.0223494    -0.268178
-0.574555    -0.244297    0.244671    0.483269    0.707866    -0.0245292    -0.268051
-0.574557    -0.237548    0.246764    0.483357    0.708322    -0.0241031    -0.266179
-0.574574    -0.230757    0.248851    0.483404    0.708569    -0.0237479    -0.265153
-0.574599    -0.223922    0.250947    0.483393    0.708447    -0.0235897    -0.265642
-0.574616    -0.217137    0.253062    0.483449    0.708376    -0.0214077    -0.2658
-0.574626    -0.210413    0.255192    0.483545    0.708706    -0.0191652    -0.264305
-0.574642    -0.203736    0.2573    0.483538    0.708738    -0.01976    -0.264214
-0.574668    -0.197092    0.25938    0.48347    0.708664    -0.0219995    -0.26466
-0.574706    -0.190447    0.261425    0.483516    0.709071    -0.0220511    -0.262993
-0.574758    -0.1838    0.263434    0.483597    0.709704    -0.0211428    -0.260316
-0.574824    -0.177152    0.265403    0.483614    0.710111    -0.0214701    -0.25864
-0.574884    -0.17051    0.267394    0.483597    0.709366    -0.0200521    -0.261648
-0.574915    -0.16388    0.269468    0.483485    0.708453    -0.0204332    -0.265423
-0.574941    -0.157243    0.271556    0.483395    0.70835    -0.0230312    -0.266003
-0.574978    -0.150586    0.27362    0.483378    0.708403    -0.0237986    -0.265833
-0.575011    -0.143902    0.275706    0.483438    0.708397    -0.0218963    -0.265747
-0.575037    -0.137186    0.277829    0.483554    0.708791    -0.0193039    -0.263964
-0.575068    -0.130435    0.279944    0.483598    0.709178    -0.0191202    -0.262361
-0.575106    -0.123653    0.282048    0.483556    0.708934    -0.0199921    -0.263427
-0.575137    -0.116868    0.28419    0.483462    0.708312    -0.0205713    -0.266009
-0.575165    -0.110069    0.28636    0.483391    0.708249    -0.0227168    -0.266397
-0.575217    -0.103191    0.288487    0.483456    0.708936    -0.0235279    -0.263637
-0.575287    -0.0963774    0.290551    0.483573    0.709386    -0.0211535    -0.261638
-0.575349    -0.0899972    0.292505    0.483617    0.709419    -0.0193511    -0.261379
-0.575411    -0.0829263    0.294736    0.483595    0.708849    -0.0172887    -0.263581
NEXT
-0.569356    -0.0823294    0.292745    0.483511    0.708514    -0.0196705    -0.265127
-0.569317    -0.0893916    0.290521    0.483522    0.708878    -0.0211215    -0.263729
-0.56928    -0.0957571    0.288549    0.48349    0.708782    -0.0218323    -0.264168
-0.569247    -0.10255    0.286449    0.483449    0.70862    -0.0225392    -0.264873
-0.569222    -0.109421    0.284314    0.483437    0.708466    -0.0222343    -0.265487
-0.569204    -0.116231    0.282185    0.48348    0.708634    -0.0215609    -0.264756
-0.569183    -0.123029    0.28009    0.483537    0.709119    -0.021472    -0.262759
-0.56916    -0.12982    0.278025    0.483578    0.709136    -0.0199032    -0.262587
-0.56916    -0.136565    0.2759    0.483528    0.708429    -0.0181498    -0.265364
-0.569176    -0.143263    0.273728    0.48346    0.708183    -0.0198804    -0.26649
-0.569174    -0.149939    0.271618    0.483426    0.708446    -0.0225168    -0.265582
-0.569154    -0.156599    0.269563    0.483421    0.708589    -0.0232938    -0.265042
-0.569124    -0.16325    0.267521    0.48349    0.708907    -0.0223157    -0.263683
-0.569082    -0.169896    0.265501    0.483565    0.709453    -0.0216616    -0.261393
-0.569023    -0.176541    0.263521    0.483555    0.709722    -0.0226915    -0.260337
-0.568968    -0.183182    0.261529    0.483512    0.709066    -0.0221654    -0.263023
-0.568932    -0.189816    0.259474    0.483433    0.708433    -0.0222773    -0.265621
-0.568894    -0.196458    0.257413    0.483429    0.708663    -0.0233131    -0.26474
-0.568839    -0.203119    0.255376    0.48353    0.709075    -0.0215681    -0.262948
-0.5688    -0.209803    0.253285    0.483566    0.708744    -0.0183555    -0.264091
-0.568785    -0.216515    0.251115    0.48354    0.708516    -0.018136    -0.265007
-0.568755    -0.223289    0.248968    0.483543    0.70891    -0.0203858    -0.263551
-0.568704    -0.230115    0.246861    0.483525    0.70893    -0.0212191    -0.263523
-0.56867    -0.236894    0.244744    0.483479    0.708515    -0.0209894    -0.265209
-0.568654    -0.243634    0.242616    0.483444    0.708393    -0.0216587    -0.265748
-0.568638    -0.250416    0.240498    0.483493    0.708713    -0.0214759    -0.26443
-0.568628    -0.257257    0.238376    0.483555    0.708915    -0.019828    -0.263492
-0.568633    -0.264179    0.236214    0.483545    0.708752    -0.0194465    -0.264136
-0.568649    -0.272577    0.233568    0.483494    0.708473    -0.0201019    -0.265323
NEXT
-0.562626    -0.271703    0.231592    0.483395    0.707961    -0.0210775    -0.267468
-0.56264    -0.26345    0.234263    0.4835    0.708282    -0.0186148    -0.265998
-0.562658    -0.256603    0.236442    0.483592    0.709076    -0.0189751    -0.262768
-0.562705    -0.249773    0.238544    0.483583    0.709308    -0.0203537    -0.261909
-0.562752    -0.242989    0.240655    0.483553    0.708825    -0.0194859    -0.26384
-0.562787    -0.236255    0.242802    0.483549    0.708688    -0.0188555    -0.264356
-0.562835    -0.229489    0.244944    0.483585    0.709048    -0.0191058    -0.262895
-0.562896    -0.222681    0.247075    0.483615    0.709151    -0.0180423    -0.262393
-0.56294    -0.215918    0.249232    0.483593    0.708782    -0.0168199    -0.263818
-0.562973    -0.209205    0.251392    0.483578    0.708978    -0.0191879    -0.263189
-0.563041    -0.202506    0.253438    0.483496    0.709479    -0.0239202    -0.261414
-0.563124    -0.195826    0.255419    0.483397    0.708809    -0.0247722    -0.264221
-0.563167    -0.189179    0.257478    0.48336    0.708045    -0.0226971    -0.267226
-0.563192    -0.182551    0.259565    0.483425    0.708506    -0.0228601    -0.265357
-0.563232    -0.175916    0.261594    0.483497    0.709185    -0.0231136    -0.262587
-0.563281    -0.169271    0.263586    0.483528    0.709399    -0.0227287    -0.261681
-0.563329    -0.16261    0.26557    0.483486    0.709267    -0.0236462    -0.262278
-0.56336    -0.155948    0.267581    0.483451    0.708747    -0.0229428    -0.264375
-0.563364    -0.149291    0.269644    0.483467    0.708424    -0.0209358    -0.265576
-0.563342    -0.142625    0.271777    0.483472    0.70806    -0.0183605    -0.266883
-0.563299    -0.13594    0.273975    0.483503    0.708211    -0.0177883    -0.266225
-0.563281    -0.129204    0.276096    0.48355    0.709118    -0.020979    -0.262732
-0.563296    -0.122414    0.278124    0.483515    0.709237    -0.0226797    -0.262346
-0.563305    -0.115614    0.280188    0.483488    0.708779    -0.0218862    -0.264185
-0.563306    -0.1088    0.282297    0.483478    0.708668    -0.0217934    -0.264631
-0.563311    -0.101929    0.284416    0.483453    0.708666    -0.0226382    -0.264693
-0.563322    -0.0951446    0.286503    0.483417    0.708495    -0.0230201    -0.265414
-0.563334    -0.0888028    0.288472    0.483423    0.708399    -0.0224378    -0.265769
-0.563342    -0.0817772    0.290677    0.483419    0.708251    -0.0218215    -0.266335
NEXT
-0.557364    -0.0812098    0.288607    0.48345    0.708557    -0.0222006    -0.265111
-0.55739    -0.088212    0.286435    0.483486    0.708553    -0.0209493    -0.265051
-0.557404    -0.0945376    0.284476    0.483488    0.708761    -0.0218035    -0.264253
-0.557414    -0.10132    0.282407    0.483489    0.708873    -0.0222463    -0.263819
-0.557427    -0.108192    0.280306    0.483494    0.70878    -0.0217186    -0.26417
-0.557444    -0.115006    0.27821    0.483508    0.708892    -0.0216491    -0.263704
-0.557447    -0.1218    0.27616    0.483501    0.709223    -0.023024    -0.262425
-0.557442    -0.128577    0.274142    0.483476    0.708844    -0.0226186    -0.26396
-0.557468    -0.135305    0.272031    0.483432    0.707943    -0.0193628    -0.267429
-0.55752    -0.141984    0.269839    0.483465    0.708031    -0.0184273    -0.267006
-0.55755    -0.148646    0.267706    0.483527    0.708607    -0.0194951    -0.264731
-0.557554    -0.1553    0.26564    0.483552    0.709112    -0.0209438    -0.262756
-0.557527    -0.161966    0.263633    0.483532    0.70951    -0.0229356    -0.261234
-0.557483    -0.168634    0.261653    0.483504    0.709263    -0.0230968    -0.262262
-0.557442    -0.175285    0.259645    0.483489    0.70899    -0.0226457    -0.263362
-0.55741    -0.181923    0.257595    0.483475    0.708566    -0.0214144    -0.265028
-0.557391    -0.188554    0.255491    0.483456    0.708294    -0.0207155    -0.26609
-0.557346    -0.195205    0.253429    0.483451    0.709043    -0.0239956    -0.26322
-0.557255    -0.201891    0.251461    0.483389    0.709279    -0.0262596    -0.262363
-0.557175    -0.208593    0.249432    0.483365    0.70832    -0.0238576    -0.266172
-0.557128    -0.215305    0.247287    0.483348    0.707892    -0.0223047    -0.267825
-0.557074    -0.222058    0.245133    0.483374    0.708189    -0.0229469    -0.266655
-0.557005    -0.228846    0.242994    0.483393    0.708275    -0.0227743    -0.266297
-0.556943    -0.235603    0.240846    0.483407    0.708154    -0.0217632    -0.266728
-0.556885    -0.242336    0.2387    0.483449    0.708513    -0.0220712    -0.265282
-0.556807    -0.249126    0.236602    0.483513    0.709227    -0.0227568    -0.262394
-0.556724    -0.255948    0.234512    0.483546    0.70884    -0.01991    -0.263804
-0.556683    -0.262717    0.232311    0.483436    0.707759    -0.0175589    -0.268042
-0.55664    -0.270819    0.229608    0.483373    0.707703    -0.0202169    -0.268456
NEXT
-0.550685    -0.269941    0.227636    0.483348    0.707464    -0.0193748    -0.269362
-0.550764    -0.261987    0.230357    0.483358    0.707321    -0.0174339    -0.269802
-0.550836    -0.255285    0.232561    0.483478    0.708655    -0.021698    -0.264682
-0.550961    -0.248464    0.234627    0.483423    0.709272    -0.0253521    -0.262348
-0.551075    -0.24166    0.236697    0.483372    0.70847    -0.0242229    -0.265582
-0.551157    -0.234922    0.238827    0.483324    0.708035    -0.0237666    -0.267325
-0.551236    -0.22817    0.240953    0.483289    0.708122    -0.0250782    -0.267043
-0.551316    -0.221394    0.243066    0.48324    0.707913    -0.0254779    -0.267909
-0.551376    -0.214654    0.245208    0.483195    0.707474    -0.024603    -0.269635
-0.551421    -0.207953    0.247361    0.483225    0.707742    -0.0251087    -0.268582
-0.551484    -0.201269    0.249434    0.483361    0.708669    -0.0252415    -0.264819
-0.551553    -0.194601    0.25146    0.483503    0.708905    -0.0219227    -0.263668
-0.551589    -0.187952    0.253546    0.483515    0.708515    -0.0195268    -0.26511
-0.55161    -0.181308    0.255647    0.483501    0.708719    -0.0212025    -0.264389
-0.551645    -0.174651    0.257689    0.483472    0.709023    -0.0233578    -0.263268
-0.551684    -0.167986    0.259705    0.483475    0.708996    -0.023172    -0.263369
-0.551714    -0.161321    0.261723    0.48355    0.709237    -0.0214291    -0.262272
-0.551731    -0.154659    0.263755    0.483594    0.709269    -0.0197652    -0.262027
-0.551733    -0.148003    0.265807    0.483564    0.708932    -0.0195901    -0.263405
-0.551713    -0.141337    0.267906    0.483477    0.70828    -0.019673    -0.266079
-0.551673    -0.134654    0.270054    0.483385    0.707934    -0.0212447    -0.267587
-0.551646    -0.127936    0.272157    0.483401    0.708462    -0.0233737    -0.265565
-0.551637    -0.121181    0.274202    0.483481    0.708931    -0.0227684    -0.263614
-0.551619    -0.1144    0.276259    0.483511    0.708917    -0.0216566    -0.263604
-0.551591    -0.107589    0.278339    0.483507    0.708857    -0.021599    -0.263845
-0.551558    -0.100718    0.280435    0.483526    0.708949    -0.0212431    -0.263447
-0.55152    -0.093935    0.282506    0.483553    0.70898    -0.0202413    -0.263252
-0.551477    -0.0876083    0.284456    0.483553    0.708849    -0.0196059    -0.263748
-0.551416    -0.0805909    0.286583    0.483512    0.709181    -0.0226281    -0.262576
NEXT
-0.545468    -0.0799477    0.284642    0.483628    0.709988    -0.0206467    -0.259101
-0.545567    -0.087011    0.282542    0.483631    0.70926    -0.0176777    -0.261914
-0.54564    -0.0933494    0.280588    0.483615    0.709154    -0.018049    -0.262379
-0.545709    -0.100126    0.278495    0.483564    0.708907    -0.0194094    -0.263496
-0.545767    -0.106987    0.276381    0.483507    0.708742    -0.0210476    -0.264284
-0.54581    -0.113789    0.274294    0.483457    0.708628    -0.0222632    -0.264826
-0.545839    -0.120552    0.272222    0.483417    0.708522    -0.0231622    -0.26531
-0.545856    -0.127284    0.270155    0.483383    0.708322    -0.0232963    -0.266133
-0.545877    -0.133991    0.268064    0.483394    0.708138    -0.0220763    -0.26681
-0.5459    -0.140676    0.265956    0.483458    0.70843    -0.0213218    -0.265576
-0.545904    -0.147344    0.263888    0.483509    0.708872    -0.0215598    -0.263783
-0.545894    -0.154002    0.261846    0.483519    0.708891    -0.0212906    -0.263687
-0.545884    -0.16066    0.259785    0.483476    0.708623    -0.0216252    -0.264809
-0.545866    -0.167326    0.257727    0.483423    0.708665    -0.0234954    -0.264742
-0.54583    -0.174007    0.255701    0.483408    0.708909    -0.0247577    -0.263813
-0.545789    -0.180688    0.253671    0.48344    0.708669    -0.0230166    -0.264703
-0.54576    -0.187353    0.251595    0.483506    0.708642    -0.0206495    -0.264667
-0.545725    -0.19401    0.24951    0.483545    0.708915    -0.0203219    -0.263524
-0.545676    -0.200665    0.247439    0.483515    0.708838    -0.0211189    -0.263895
-0.545625    -0.207337    0.245346    0.483514    0.70865    -0.0202707    -0.26461
-0.545576    -0.214034    0.243215    0.48358    0.708882    -0.018538    -0.263536
-0.545516    -0.220763    0.24109    0.483601    0.709157    -0.0188445    -0.262426
-0.545441    -0.227517    0.238977    0.483554    0.708938    -0.020064    -0.263414
-0.545361    -0.234256    0.236842    0.483487    0.708507    -0.0206727    -0.265221
-0.54527    -0.24099    0.234701    0.483439    0.708644    -0.0229579    -0.264799
-0.545138    -0.247795    0.232621    0.483364    0.709087    -0.0263425    -0.263158
-0.544987    -0.254606    0.230552    0.483319    0.708191    -0.0245616    -0.266734
-0.544882    -0.261247    0.228363    0.483252    0.707016    -0.0196946    -0.271186
-0.544753    -0.269066    0.225674    0.483354    0.707478    -0.0191985    -0.269295
NEXT
-0.538839    -0.268193    0.223728    0.483426    0.707896    -0.0192856    -0.267613
-0.539032    -0.260493    0.226332    0.483325    0.707531    -0.0208525    -0.269193
-0.53917    -0.253909    0.228486    0.483333    0.708164    -0.0240866    -0.266819
-0.539324    -0.247127    0.230597    0.483426    0.708814    -0.0239916    -0.264161
-0.53945    -0.240339    0.232736    0.483498    0.708517    -0.0202902    -0.265153
-0.53953    -0.233618    0.234927    0.483528    0.708401    -0.0179291    -0.265463
-0.539589    -0.226906    0.237111    0.483599    0.708816    -0.0166877    -0.263667
-0.539637    -0.220187    0.23927    0.483668    0.709403    -0.0156839    -0.261164
-0.539694    -0.21347    0.241376    0.483672    0.709707    -0.017406    -0.260041
-0.539759    -0.206762    0.243438    0.483601    0.709344    -0.0198171    -0.261722
-0.539812    -0.200086    0.245505    0.483561    0.709029    -0.0201919    -0.263049
-0.539856    -0.193428    0.247572    0.483563    0.709106    -0.0204673    -0.26275
-0.5399    -0.186752    0.249621    0.48352    0.709076    -0.0219714    -0.262968
-0.539944    -0.180059    0.251656    0.483456    0.708944    -0.0235432    -0.263604
-0.539987    -0.173354    0.253679    0.483444    0.708994    -0.024079    -0.263426
-0.54002    -0.166655    0.25572    0.483456    0.708659    -0.0225064    -0.264711
-0.540032    -0.159982    0.257805    0.483454    0.70839    -0.0212568    -0.265734
-0.540042    -0.153322    0.259884    0.483475    0.708676    -0.0219299    -0.26461
-0.54006    -0.146664    0.261929    0.483483    0.708835    -0.0222492    -0.263976
-0.540069    -0.139999    0.263987    0.483475    0.708602    -0.0215858    -0.264891
-0.540063    -0.13332    0.266072    0.483454    0.70846    -0.0216215    -0.265473
-0.540054    -0.126626    0.268151    0.483447    0.708553    -0.0223757    -0.26514
-0.540041    -0.119913    0.270217    0.48344    0.708518    -0.0223799    -0.265283
-0.540004    -0.113169    0.272306    0.483464    0.708442    -0.0212015    -0.265518
-0.539942    -0.106387    0.274427    0.483513    0.708504    -0.01951    -0.265156
-0.539857    -0.0995479    0.276582    0.483561    0.708613    -0.0176978    -0.264578
-0.539756    -0.0927851    0.278713    0.483614    0.708973    -0.016919    -0.263041
-0.539655    -0.0864291    0.280682    0.483644    0.70932    -0.0172049    -0.261631
-0.539512    -0.0792954    0.282793    0.483667    0.710166    -0.0192334    -0.258261
-0.539256    -0.069474    0.28554    0.483686    0.710921    -0.0192028    -0.255077
NEXT
-0.533261    -0.0686977    0.283774    0.483704    0.71052    -0.0177578    -0.256665
-0.533617    -0.0786747    0.280932    0.48362    0.709578    -0.019766    -0.260748
-0.5338    -0.0858694    0.278784    0.483556    0.708788    -0.0191901    -0.263971
-0.533913    -0.092234    0.276803    0.483528    0.708483    -0.0185671    -0.265176
-0.534024    -0.0989802    0.274662    0.483527    0.70839    -0.0178737    -0.265505
-0.534114    -0.105798    0.272499    0.483551    0.708582    -0.0181056    -0.264735
-0.534176    -0.11256    0.270367    0.483568    0.708797    -0.0186277    -0.263893
-0.534206    -0.119285    0.268273    0.483586    0.709096    -0.0193685    -0.262714
-0.534207    -0.125978    0.266213    0.483594    0.709172    -0.0193266    -0.262398
-0.534204    -0.132656    0.264137    0.483578    0.708938    -0.0189412    -0.263334
-0.534201    -0.139321    0.262044    0.483551    0.70886    -0.0197451    -0.263713
-0.534184    -0.145977    0.259977    0.483524    0.70891    -0.0210837    -0.263597
-0.53416    -0.152632    0.257922    0.483505    0.708796    -0.0213388    -0.264079
-0.53414    -0.159303    0.255846    0.483542    0.708838    -0.0201257    -0.263829
-0.534119    -0.165997    0.253768    0.483596    0.709269    -0.0196614    -0.26202
-0.534087    -0.172718    0.251718    0.483603    0.709537    -0.0204533    -0.260965
-0.534047    -0.179446    0.249685    0.483584    0.709471    -0.0210058    -0.261277
-0.534003    -0.186159    0.247658    0.483565    0.709365    -0.0213835    -0.26174
-0.533966    -0.192845    0.24561    0.483524    0.708883    -0.0210309    -0.263701
-0.533939    -0.199499    0.243527    0.483454    0.708513    -0.0219149    -0.265274
-0.533895    -0.206174    0.241475    0.483444    0.708962    -0.0239816    -0.263551
-0.533825    -0.212886    0.239468    0.483504    0.709189    -0.0229108    -0.262558
-0.533776    -0.219592    0.237384    0.483504    0.708471    -0.0196939    -0.265302
-0.533751    -0.226282    0.235202    0.483455    0.708031    -0.0189505    -0.267044
-0.533703    -0.232982    0.233007    0.48349    0.708233    -0.0187434    -0.266205
-0.533622    -0.239706    0.230818    0.483572    0.708808    -0.0183841    -0.26383
-0.533499    -0.246486    0.228663    0.483609    0.709343    -0.0193058    -0.261692
-0.533345    -0.253239    0.226534    0.483596    0.709051    -0.0186214    -0.262846
-0.533189    -0.259756    0.224403    0.483552    0.70849    -0.0171058    -0.265038
-0.532949    -0.267323    0.221843    0.483512    0.708219    -0.0174004    -0.266163
NEXT
-0.527084    -0.266454    0.220018    0.483485    0.707941    -0.0161495    -0.267199
-0.527354    -0.259032    0.222585    0.483535    0.708312    -0.0166523    -0.265728
-0.527511    -0.252593    0.224707    0.483593    0.709004    -0.0184751    -0.263031
-0.527661    -0.245871    0.226823    0.483621    0.709496    -0.0193562    -0.261059
-0.527787    -0.23909    0.22894    0.483594    0.70922    -0.0195839    -0.262218
-0.527885    -0.232343    0.231062    0.483484    0.708553    -0.0210225    -0.265057
-0.527936    -0.225637    0.233214    0.483368    0.707827    -0.021222    -0.268022
-0.527949    -0.218965    0.235381    0.483354    0.707977    -0.0225792    -0.267495
-0.527987    -0.212271    0.237443    0.483358    0.708858    -0.025882    -0.264078
-0.528045    -0.205563    0.239427    0.483371    0.708724    -0.0251583    -0.264591
-0.528066    -0.198899    0.241492    0.483399    0.708062    -0.0215412    -0.267086
-0.528062    -0.192257    0.243616    0.483471    0.708404    -0.020698    -0.265641
-0.528076    -0.185573    0.245701    0.483536    0.709014    -0.0211013    -0.263168
-0.528104    -0.17885    0.24776    0.483577    0.709258    -0.0204885    -0.262124
-0.528134    -0.172102    0.249821    0.48361    0.709445    -0.0197505    -0.2613
-0.528169    -0.165353    0.251878    0.483619    0.709542    -0.0197339    -0.260897
-0.52821    -0.158628    0.253921    0.483579    0.709377    -0.02079    -0.26165
-0.528248    -0.151937    0.255972    0.48355    0.70902    -0.0205644    -0.26311
-0.528278    -0.145287    0.258047    0.483575    0.708931    -0.0190523    -0.263371
-0.528296    -0.138645    0.260146    0.483599    0.708922    -0.0176176    -0.263303
-0.528304    -0.131998    0.262263    0.483617    0.70903    -0.0172112    -0.262829
-0.528319    -0.125339    0.264349    0.483631    0.709365    -0.0183317    -0.26153
-0.528337    -0.118665    0.266401    0.483616    0.709325    -0.0189237    -0.261739
-0.528329    -0.111959    0.26848    0.483585    0.70897    -0.0186824    -0.263185
-0.528289    -0.105216    0.270593    0.483552    0.708688    -0.0187537    -0.264349
-0.528221    -0.098422    0.272733    0.483524    0.708482    -0.0188442    -0.265199
-0.528127    -0.0916972    0.274852    0.48351    0.708451    -0.0192604    -0.265356
-0.528018    -0.0853388    0.276836    0.483509    0.708507    -0.0197003    -0.265154
-0.527809    -0.0781026    0.279032    0.483548    0.708866    -0.0199268    -0.263698
-0.527365    -0.0679875    0.282003    0.483642    0.709471    -0.0181846    -0.26108
NEXT
-0.521683    -0.0674115    0.280115    0.483401    0.70829    -0.0225995    -0.266226
-0.522142    -0.0776169    0.277101    0.483466    0.708527    -0.0214938    -0.265193
-0.522332    -0.084867    0.274909    0.483544    0.708801    -0.0197918    -0.263959
-0.52241    -0.0911954    0.272937    0.483559    0.708663    -0.0181857    -0.26441
-0.522476    -0.0978673    0.270815    0.483506    0.708352    -0.0187567    -0.265724
-0.522516    -0.104614    0.268677    0.483491    0.708472    -0.0202909    -0.26534
-0.522523    -0.111328    0.266576    0.483518    0.708793    -0.0207958    -0.264056
-0.522501    -0.118014    0.264514    0.483558    0.709184    -0.0209503    -0.26246
-0.522455    -0.124677    0.26248    0.483593    0.70929    -0.0198851    -0.261951
-0.522418    -0.131329    0.260406    0.483618    0.709105    -0.0176226    -0.262551
-0.522392    -0.137972    0.25829    0.483635    0.70911    -0.0162409    -0.262423
-0.522366    -0.144607    0.25617    0.483624    0.709018    -0.0165312    -0.262826
-0.522336    -0.151253    0.254062    0.483598    0.709127    -0.0188582    -0.262552
-0.52229    -0.157954    0.252    0.483573    0.709411    -0.0212188    -0.261539
-0.522241    -0.164699    0.249952    0.483539    0.709119    -0.0214755    -0.262759
-0.522209    -0.171466    0.247867    0.483479    0.708677    -0.0218028    -0.264595
-0.522185    -0.178231    0.245772    0.48343    0.708564    -0.0228712    -0.265122
-0.522162    -0.184967    0.243694    0.483427    0.708544    -0.0229236    -0.265207
-0.522155    -0.191661    0.241597    0.483423    0.708158    -0.021163    -0.266675
-0.522169    -0.198306    0.239458    0.483427    0.708067    -0.0204245    -0.266997
-0.522163    -0.204965    0.237375    0.483426    0.708714    -0.0236383    -0.264553
-0.522126    -0.211662    0.235372    0.483327    0.708619    -0.0259351    -0.265057
-0.522103    -0.218343    0.233313    0.483282    0.707831    -0.0239667    -0.268165
-0.522094    -0.225007    0.231179    0.483349    0.707979    -0.0227256    -0.267494
-0.522039    -0.231718    0.229081    0.483461    0.708872    -0.0231482    -0.263875
-0.52194    -0.238475    0.227018    0.48353    0.709135    -0.0217875    -0.262712
-0.521837    -0.245229    0.22491    0.483466    0.708579    -0.0217905    -0.264996
-0.521724    -0.251889    0.222778    0.483317    0.707882    -0.0232659    -0.26792
-0.521575    -0.258252    0.220688    0.48333    0.707717    -0.0219272    -0.268506
-0.521264    -0.265572    0.218179    0.483449    0.707907    -0.0181854    -0.267493
-0.520587    -0.275856    0.214512    0.48356    0.708339    -0.0139129    -0.265391
NEXT
-0.514698    -0.274918    0.212812    0.483677    0.709386    -0.013798    -0.261073
-0.515504    -0.264685    0.216342    0.483552    0.708784    -0.0193777    -0.263998
-0.515855    -0.25742    0.218729    0.483397    0.708411    -0.0233093    -0.265772
-0.515981    -0.251125    0.220762    0.483313    0.707689    -0.0223513    -0.268645
-0.516028    -0.244553    0.222929    0.483409    0.707879    -0.0200057    -0.267731
-0.516079    -0.237859    0.225055    0.483526    0.709055    -0.0217065    -0.263039
-0.516159    -0.231112    0.227078    0.483516    0.709366    -0.0230764    -0.261837
-0.516208    -0.224402    0.229126    0.483471    0.708637    -0.0218649    -0.264762
-0.516216    -0.217741    0.231219    0.483412    0.708309    -0.0223137    -0.26613
-0.516226    -0.21107    0.233287    0.483431    0.708635    -0.0231612    -0.264848
-0.51624    -0.204387    0.235336    0.483488    0.708679    -0.0215248    -0.264571
-0.51624    -0.197723    0.237436    0.48348    0.708303    -0.019694    -0.265986
-0.516237    -0.19106    0.239563    0.483476    0.708447    -0.0207732    -0.265472
-0.516254    -0.184346    0.241652    0.483466    0.708787    -0.0226532    -0.264195
-0.516283    -0.177589    0.243731    0.483445    0.708569    -0.0224916    -0.265079
-0.516306    -0.170809    0.245851    0.48343    0.708322    -0.021789    -0.266045
-0.516335    -0.164031    0.247976    0.483463    0.708603    -0.0220196    -0.264914
-0.51638    -0.157278    0.250068    0.483526    0.708948    -0.0212251    -0.263447
-0.516422    -0.150574    0.252173    0.483563    0.708742    -0.018494    -0.264107
-0.516449    -0.14393    0.254322    0.483577    0.70865    -0.0167978    -0.26436
-0.516486    -0.137293    0.256453    0.483604    0.709    -0.0178561    -0.263
-0.51654    -0.130641    0.258543    0.483585    0.709172    -0.0197365    -0.262426
-0.516608    -0.123984    0.260591    0.48356    0.709342    -0.0214059    -0.261835
-0.516683    -0.117325    0.262609    0.483548    0.709277    -0.0216909    -0.262123
-0.51674    -0.11066    0.264658    0.483541    0.708953    -0.0207256    -0.263397
-0.516773    -0.103989    0.266754    0.483529    0.708571    -0.0191625    -0.264858
-0.516771    -0.0973157    0.268912    0.483512    0.708189    -0.0170584    -0.266262
-0.516748    -0.0907328    0.271058    0.483559    0.708638    -0.017921    -0.264493
-0.516731    -0.0844689    0.273006    0.483557    0.709212    -0.0211202    -0.262355
-0.516617    -0.0772525    0.275154    0.483507    0.708925    -0.021815    -0.263581
-0.516233    -0.0670427    0.278147    0.483499    0.708791    -0.021539    -0.264111
NEXT
-0.511002    -0.0670983    0.276297    0.483702    0.709759    -0.0140018    -0.259544
-0.511201    -0.0771168    0.273237    0.483602    0.709202    -0.0190859    -0.262257
-0.511176    -0.0841829    0.27108    0.483546    0.709289    -0.0217621    -0.262077
-0.511082    -0.0903144    0.26915    0.483546    0.708647    -0.0187912    -0.264521
-0.511013    -0.0967693    0.267027    0.483565    0.70848    -0.0160502    -0.264994
-0.510947    -0.103345    0.264877    0.483612    0.708922    -0.0167234    -0.263235
-0.510875    -0.109958    0.262766    0.4836    0.709116    -0.0187397    -0.262587
-0.510793    -0.116594    0.260701    0.483568    0.709284    -0.0209138    -0.262045
-0.510704    -0.123247    0.258672    0.483531    0.709202    -0.0219863    -0.262449
-0.510622    -0.129909    0.25662    0.483508    0.708913    -0.0217584    -0.263626
-0.510552    -0.136573    0.254534    0.483493    0.708555    -0.0207018    -0.265025
-0.510509    -0.143223    0.252397    0.483471    0.70815    -0.0191665    -0.266573
-0.510481    -0.149877    0.25023    0.483476    0.708257    -0.0195617    -0.266165
-0.510445    -0.156586    0.248084    0.483442    0.708355    -0.0215226    -0.265896
-0.510403    -0.163347    0.245955    0.483399    0.708328    -0.0228254    -0.266081
-0.510363    -0.170146    0.243833    0.48347    0.708661    -0.0220388    -0.264676
-0.510325    -0.176953    0.24173    0.483552    0.709111    -0.0208865    -0.262757
-0.510289    -0.183733    0.239658    0.483577    0.709281    -0.0205672    -0.262032
-0.510267    -0.190468    0.237566    0.48356    0.708806    -0.0190431    -0.263887
-0.510264    -0.197149    0.23543    0.483529    0.708486    -0.0185459    -0.265162
-0.510262    -0.203826    0.23332    0.483549    0.708884    -0.0199649    -0.263627
-0.510252    -0.210516    0.231261    0.483578    0.709182    -0.0201059    -0.26241
-0.510251    -0.217189    0.229204    0.4836    0.709158    -0.0189511    -0.262432
-0.510256    -0.223844    0.227143    0.483621    0.709385    -0.0189401    -0.261491
-0.510237    -0.230531    0.225119    0.483606    0.709714    -0.0208449    -0.260256
-0.510204    -0.237234    0.223107    0.483555    0.709023    -0.0204294    -0.263087
-0.510217    -0.243856    0.220995    0.483453    0.707878    -0.0176063    -0.267564
-0.510242    -0.250344    0.218853    0.483502    0.708334    -0.0188544    -0.265804
-0.510176    -0.256585    0.216888    0.483587    0.709509    -0.0210439    -0.261121
-0.50986    -0.263836    0.214607    0.483658    0.709771    -0.018576    -0.259862
-0.509047    -0.274107    0.211204    0.483726    0.710222    -0.0141962    -0.257624
NEXT
-0.503797    -0.27339    0.209692    0.483671    0.710158    -0.0190405    -0.258281
-0.504444    -0.263045    0.21296    0.483574    0.709747    -0.0221043    -0.260198
-0.504635    -0.255786    0.215148    0.483525    0.709487    -0.0230938    -0.261336
-0.504605    -0.249584    0.217037    0.483474    0.708323    -0.0201809    -0.265941
-0.504506    -0.243166    0.219112    0.483403    0.707706    -0.0188404    -0.268352
-0.504427    -0.236617    0.221187    0.483464    0.708524    -0.0216183    -0.265212
-0.504401    -0.229976    0.223196    0.483495    0.709017    -0.0226215    -0.263249
-0.504379    -0.223324    0.225214    0.483503    0.708844    -0.0216    -0.263897
-0.504351    -0.216676    0.227255    0.483502    0.708816    -0.0215399    -0.264009
-0.504344    -0.209995    0.229295    0.483509    0.709009    -0.0220399    -0.263249
-0.504355    -0.203285    0.231344    0.483516    0.708797    -0.0209057    -0.264047
-0.504356    -0.196589    0.233461    0.483496    0.708299    -0.0190158    -0.265958
-0.504354    -0.189888    0.235615    0.483515    0.708553    -0.0196881    -0.264965
-0.504366    -0.183133    0.237719    0.48356    0.709146    -0.0207011    -0.262599
-0.504395    -0.176331    0.239789    0.483587    0.709418    -0.020708    -0.261478
-0.50444    -0.169494    0.241856    0.48357    0.709464    -0.0215186    -0.261338
-0.504485    -0.162666    0.243949    0.48354    0.708882    -0.0204348    -0.263667
-0.504517    -0.155892    0.246099    0.483521    0.70847    -0.0188752    -0.265248
-0.504539    -0.149165    0.248263    0.483506    0.708378    -0.019022    -0.265635
-0.504558    -0.142481    0.250416    0.483447    0.708181    -0.0203761    -0.266529
-0.504592    -0.135804    0.252546    0.483428    0.708329    -0.0218682    -0.266023
-0.504651    -0.129119    0.254647    0.483467    0.708648    -0.0220833    -0.264731
-0.504723    -0.122446    0.256722    0.483504    0.708929    -0.0219055    -0.263569
-0.504809    -0.115794    0.258781    0.483533    0.708928    -0.020919    -0.263513
-0.504906    -0.109193    0.260878    0.483546    0.708674    -0.0189113    -0.264419
-0.505022    -0.102653    0.263011    0.483564    0.70866    -0.0178207    -0.264394
-0.505185    -0.0962037    0.265134    0.483544    0.708584    -0.0184744    -0.264754
-0.505398    -0.0899236    0.2672    0.4835    0.70864    -0.0208024    -0.264686
-0.505662    -0.0839979    0.269119    0.483488    0.70898    -0.0227043    -0.263406
-0.505917    -0.0772071    0.271321    0.483515    0.708487    -0.0193088    -0.265209
NEXT
-0.500829    -0.0774912    0.26932    0.48333    0.707933    -0.0230482    -0.2677
-0.500186    -0.0838778    0.267103    0.483398    0.708732    -0.0245202    -0.264523
-0.499674    -0.0895186    0.265193    0.483429    0.708564    -0.0229264    -0.265126
-0.499271    -0.095559    0.263165    0.483462    0.708447    -0.0213008    -0.265507
-0.498983    -0.101839    0.261067    0.483463    0.708242    -0.0200987    -0.266263
-0.498806    -0.108288    0.258926    0.483454    0.708219    -0.0203147    -0.266371
-0.498693    -0.114859    0.256817    0.483476    0.70865    -0.0217765    -0.264706
-0.498629    -0.121527    0.25475    0.48348    0.708744    -0.0220369    -0.264336
-0.498605    -0.128235    0.252659    0.483435    0.708376    -0.0218514    -0.26583
-0.498613    -0.134969    0.250545    0.48339    0.708211    -0.022596    -0.266546
-0.498635    -0.141708    0.24845    0.483466    0.708574    -0.0217944    -0.265019
-0.498662    -0.148457    0.246361    0.483586    0.708983    -0.0188325    -0.263141
-0.498685    -0.155231    0.244236    0.483641    0.709184    -0.0162941    -0.262119
-0.498699    -0.162038    0.242105    0.483679    0.709654    -0.0165021    -0.26019
-0.4987    -0.168887    0.240018    0.483663    0.709872    -0.0186184    -0.259446
-0.498707    -0.175738    0.237941    0.483596    0.709258    -0.019624    -0.262063
-0.498738    -0.182551    0.235842    0.483489    0.708573    -0.0209795    -0.264971
-0.498775    -0.189322    0.233718    0.483406    0.708098    -0.021445    -0.266938
-0.498806    -0.196052    0.231571    0.483428    0.708094    -0.0206246    -0.266902
-0.498829    -0.202772    0.22945    0.483425    0.708341    -0.022028    -0.265982
-0.498846    -0.209492    0.227372    0.483307    0.708126    -0.0246487    -0.267005
-0.498879    -0.216175    0.225316    0.483193    0.707771    -0.0260105    -0.268508
-0.498929    -0.222817    0.223277    0.483156    0.70779    -0.026924    -0.268474
-0.498974    -0.229447    0.221279    0.4832    0.708187    -0.0273946    -0.266884
-0.499025    -0.236051    0.219304    0.483288    0.70804    -0.0247513    -0.267358
-0.499145    -0.242554    0.21727    0.483279    0.707337    -0.0212164    -0.269997
-0.499316    -0.248926    0.215246    0.483326    0.707868    -0.0228511    -0.26795
-0.499473    -0.255102    0.213418    0.483331    0.708856    -0.0265034    -0.264111
-0.499517    -0.262348    0.211339    0.483324    0.709086    -0.0273088    -0.263205
NEXT
-0.49423    -0.261664    0.209502    0.483346    0.709121    -0.0268711    -0.26304
-0.493673    -0.254662    0.211331    0.483411    0.708945    -0.0248079    -0.263665
-0.493313    -0.248496    0.213097    0.483446    0.708185    -0.0204567    -0.266518
-0.493067    -0.242108    0.215109    0.48345    0.707919    -0.0183614    -0.267457
-0.492937    -0.235579    0.217126    0.483476    0.708889    -0.0227207    -0.263783
-0.492914    -0.228949    0.219063    0.483372    0.70903    -0.0260237    -0.263378
-0.492886    -0.222297    0.221038    0.483299    0.708276    -0.0254423    -0.266434
-0.492829    -0.215639    0.223081    0.48326    0.707814    -0.0245372    -0.268262
-0.492759    -0.208944    0.225174    0.483307    0.707746    -0.0228223    -0.268443
-0.492679    -0.202212    0.227302    0.483406    0.708064    -0.0212797    -0.267063
-0.492592    -0.195456    0.229413    0.483405    0.708186    -0.0219991    -0.26661
-0.492487    -0.188678    0.231517    0.483335    0.707856    -0.0225791    -0.267984
-0.492342    -0.181879    0.233646    0.483361    0.707771    -0.0211354    -0.268242
-0.492179    -0.175053    0.235784    0.48348    0.708334    -0.0199314    -0.265877
-0.492038    -0.168192    0.237902    0.48359    0.709002    -0.0186462    -0.263053
-0.491912    -0.161316    0.239998    0.483637    0.70936    -0.0179289    -0.261522
-0.491789    -0.154444    0.242073    0.48361    0.70934    -0.0193752    -0.261708
-0.491663    -0.147573    0.244103    0.483527    0.709299    -0.0225126    -0.262082
-0.491527    -0.140698    0.24608    0.483393    0.708936    -0.0252666    -0.263727
-0.491384    -0.133834    0.248103    0.483273    0.708009    -0.0250189    -0.267495
-0.49124    -0.12699    0.250204    0.48322    0.707646    -0.0247596    -0.268951
-0.49116    -0.12019    0.252293    0.483236    0.707962    -0.025793    -0.267726
-0.491164    -0.11346    0.254359    0.483243    0.707941    -0.0254881    -0.267794
-0.491279    -0.106901    0.256466    0.483217    0.707497    -0.0241432    -0.269522
NEXT
-0.484465    -0.208256    0.222191    0.483307    0.707446    -0.0209365    -0.269541
-0.484575    -0.215    0.22007    0.483331    0.708074    -0.0237204    -0.267167
-0.484601    -0.221731    0.218034    0.4834    0.708964    -0.0251598    -0.263606
-0.484543    -0.228492    0.216069    0.483449    0.709934    -0.0260525    -0.259636
-0.484456    -0.235268    0.214131    0.483569    0.70958    -0.0218385    -0.260875
-0.484548    -0.241963    0.212059    0.48352    0.708151    -0.0158451    -0.266319
-0.484888    -0.248492    0.209993    0.483504    0.708215    -0.0179011    -0.26622
NEXT
