-0.663631    -0.259811    0.273186    0.483368    0.707963    -0.0230468    -0.267502
-0.664312    -0.254215    0.275227    0.483187    0.707383    -0.0252181    -0.269957
-0.664984    -0.248313    0.277381    0.483047    0.707114    -0.0272182    -0.271126
-0.665727    -0.242152    0.279611    0.483089    0.707483    -0.0279102    -0.269674
-0.654774    -0.264751    0.268339    0.483531    0.708732    -0.0212939    -0.264261
-0.655348    -0.258925    0.270305    0.483465    0.709021    -0.0243932    -0.263256
-0.655863    -0.252922    0.272301    0.483368    0.708452    -0.0251419    -0.265623
-0.656328    -0.24677    0.274366    0.483262    0.707857    -0.0254745    -0.268058
-0.656771    -0.240472    0.27653    0.483247    0.707435    -0.0238723    -0.26968
-0.6572    -0.234029    0.278782    0.483367    0.707842    -0.0224819    -0.26796
-0.65764    -0.227448    0.281001    0.483459    0.708673    -0.0234252    -0.264631
-0.658083    -0.220743    0.283177    0.483475    0.708997    -0.0240719    -0.263334
-0.658488    -0.213963    0.285343    0.483479    0.709086    -0.0242156    -0.262977
NEXT
-0.648971    -0.264638    0.266248    0.483552    0.708749    -0.0205629    -0.264147
-0.649382    -0.258439    0.26825    0.483558    0.709562    -0.0231676    -0.260953
-0.649765    -0.25217    0.270239    0.483551    0.70929    -0.022685    -0.262052
-0.650091    -0.245852    0.272262    0.483516    0.708718    -0.0218075    -0.26435
-0.650348    -0.239458    0.274393    0.483468    0.707906    -0.0188819    -0.267469
-0.650544    -0.232977    0.276621    0.483521    0.708144    -0.0180074    -0.26644
-0.65075    -0.226385    0.278782    0.483589    0.709105    -0.0206946    -0.262692
-0.650972    -0.219691    0.280866    0.483568    0.70937    -0.0223864    -0.2617
-0.651184    -0.21295    0.282943    0.483553    0.709355    -0.0228159    -0.261787
-0.651375    -0.206163    0.285051    0.483546    0.708877    -0.0213985    -0.263673
-0.651529    -0.199324    0.287259    0.483506    0.70823    -0.019519    -0.266197
-0.651663    -0.192426    0.289503    0.483516    0.708595    -0.0211601    -0.264816
-0.651804    -0.185458    0.291684    0.483509    0.70908    -0.0233404    -0.262955
NEXT
-0.643692    -0.270935    0.26221    0.483328    0.707059    -0.0180537    -0.270821
-0.643855    -0.264513    0.264377    0.483423    0.708229    -0.022681    -0.266402
-0.644118    -0.258051    0.26641    0.483428    0.709104    -0.0256578    -0.262976
-0.644384    -0.251597    0.268411    0.483447    0.708967    -0.0247825    -0.263495
-0.644608    -0.245164    0.270426    0.483459    0.708535    -0.0228952    -0.265166
-0.644753    -0.2387    0.272545    0.483408    0.707621    -0.0193564    -0.268656
-0.644821    -0.232186    0.274762    0.483438    0.707742    -0.0190061    -0.268141
-0.644904    -0.225582    0.276894    0.483533    0.708863    -0.0217662    -0.263755
-0.645012    -0.218894    0.278934    0.483561    0.709353    -0.0225712    -0.261785
-0.645122    -0.212177    0.280966    0.483571    0.709431    -0.0224799    -0.261456
-0.645227    -0.205429    0.283029    0.483563    0.708992    -0.0211598    -0.263187
-0.645314    -0.198631    0.285187    0.483518    0.708346    -0.0196801    -0.265734
-0.645396    -0.191777    0.287385    0.483517    0.70864    -0.0213735    -0.264646
-0.645494    -0.184855    0.289532    0.483528    0.709144    -0.0230179    -0.262671
-0.645591    -0.177924    0.291648    0.483545    0.709095    -0.0222825    -0.262831
-0.645665    -0.171043    0.29376    0.483561    0.709043    -0.0214251    -0.262993
-0.645713    -0.164231    0.295872    0.483578    0.708895    -0.0201743    -0.263522
-0.645731    -0.157498    0.297986    0.483585    0.708721    -0.0188828    -0.264146
-0.645711    -0.150826    0.300114    0.483543    0.708332    -0.018298    -0.265695
-0.645651    -0.144207    0.302244    0.483476    0.708157    -0.0203674    -0.26655
-0.645565    -0.13762    0.304254    0.483435    0.7088    -0.0245662    -0.264173
NEXT
-0.638461    -0.270962    0.260191    0.483307    0.707081    -0.0192676    -0.270821
-0.638432    -0.264253    0.262364    0.483349    0.70803    -0.0239448    -0.267281
-0.638549    -0.257576    0.264411    0.483356    0.708821    -0.0265864    -0.264181
-0.638702    -0.250975    0.266428    0.483402    0.708705    -0.0251118    -0.264587
-0.638841    -0.244458    0.268458    0.483452    0.708395    -0.0225159    -0.265715
-0.638918    -0.237942    0.270582    0.483401    0.707563    -0.0192458    -0.268878
-0.638932    -0.231398    0.272794    0.483387    0.707519    -0.0195667    -0.269081
-0.638967    -0.224789    0.27493    0.483472    0.708474    -0.0221834    -0.265373
-0.63903    -0.218119    0.27698    0.483525    0.70906    -0.0227503    -0.263004
-0.639102    -0.211429    0.279007    0.483552    0.709315    -0.0227258    -0.261948
-0.639175    -0.204713    0.281045    0.483557    0.709022    -0.0215401    -0.263084
-0.639229    -0.197949    0.283163    0.483524    0.708491    -0.0203213    -0.265186
-0.639276    -0.19113    0.28532    0.483513    0.708653    -0.0215926    -0.264602
-0.639335    -0.184249    0.287446    0.483521    0.709001    -0.0227073    -0.263242
-0.63939    -0.177363    0.289555    0.483539    0.708952    -0.0219406    -0.2634
-0.639429    -0.170528    0.291661    0.483559    0.708913    -0.0210042    -0.263498
-0.639448    -0.163759    0.293767    0.483574    0.708794    -0.0197926    -0.263907
-0.639447    -0.157063    0.295876    0.483584    0.708728    -0.0190054    -0.264125
-0.639436    -0.150403    0.297966    0.483546    0.708667    -0.020399    -0.26447
-0.63942    -0.143764    0.300024    0.483418    0.708425    -0.0236714    -0.265657
-0.63939    -0.13715    0.302014    0.483339    0.708601    -0.0263352    -0.265071
-0.639338    -0.130566    0.303938    0.483373    0.708611    -0.0255576    -0.264994
-0.639217    -0.124044    0.305892    0.48337    0.708041    -0.0233437    -0.267202
-0.639028    -0.117582    0.307855    0.483362    0.70817    -0.0241612    -0.266721
-0.638809    -0.111157    0.309711    0.483424    0.709014    -0.0254894    -0.26334
-0.638551    -0.104869    0.311465    0.483521    0.70904    -0.0228787    -0.263091
-0.638226    -0.0989744    0.313165    0.48355    0.708549    -0.0194953    -0.264894
NEXT
-0.633024    -0.27083    0.258161    0.483384    0.707404    -0.0186903    -0.26948
-0.632847    -0.263901    0.26034    0.483452    0.708351    -0.0222385    -0.265877
-0.632845    -0.257063    0.262401    0.483482    0.709083    -0.0241864    -0.262987
-0.632903    -0.250354    0.264439    0.483531    0.708909    -0.022064    -0.263581
-0.632971    -0.24378    0.266499    0.483576    0.708706    -0.0192674    -0.264233
-0.633008    -0.237219    0.268627    0.483525    0.708107    -0.0174484    -0.266549
-0.633011    -0.230637    0.270813    0.483454    0.707883    -0.0193648    -0.267597
-0.63304    -0.224012    0.272934    0.483427    0.708364    -0.0231707    -0.265877
-0.6331    -0.21735    0.274981    0.483388    0.708551    -0.0249827    -0.265212
-0.633163    -0.21068    0.277013    0.483405    0.708682    -0.0249946    -0.264676
-0.633221    -0.203994    0.279055    0.483458    0.708585    -0.0231571    -0.264977
-0.633256    -0.197262    0.281162    0.483482    0.708334    -0.0211507    -0.265882
-0.633283    -0.190477    0.283296    0.483498    0.708677    -0.0221795    -0.264543
-0.633322    -0.183626    0.285384    0.483435    0.708873    -0.0247889    -0.263882
-0.633358    -0.17677    0.287459    0.483351    0.708387    -0.0253426    -0.2659
-0.633375    -0.169969    0.289547    0.483315    0.708067    -0.0249872    -0.267181
-0.633373    -0.16323    0.291647    0.483315    0.707847    -0.0240755    -0.268026
-0.633353    -0.156558    0.293754    0.483337    0.707818    -0.0233164    -0.268102
-0.633338    -0.149904    0.295835    0.483387    0.708241    -0.0237557    -0.266412
-0.633336    -0.143251    0.297871    0.483441    0.708667    -0.0239339    -0.264684
-0.633335    -0.136613    0.299865    0.483469    0.708991    -0.0242448    -0.263369
-0.633328    -0.129995    0.301827    0.483474    0.708895    -0.0237751    -0.263737
-0.633285    -0.123408    0.303826    0.483445    0.708361    -0.0225773    -0.265855
-0.633209    -0.116845    0.305851    0.483413    0.708311    -0.0233056    -0.266102
-0.633117    -0.110279    0.307823    0.483458    0.708805    -0.0239206    -0.264116
-0.633003    -0.103831    0.309729    0.483521    0.708793    -0.0218939    -0.264048
-0.632846    -0.0978066    0.311556    0.483498    0.708282    -0.0201398    -0.266026
-0.632696    -0.0911027    0.313653    0.483507    0.708256    -0.0195431    -0.266093
NEXT
-0.627436    -0.270554    0.256154    0.483426    0.707548    -0.0178629    -0.268842
-0.627168    -0.263476    0.258355    0.483511    0.708502    -0.020859    -0.265175
-0.627081    -0.256532    0.260434    0.483539    0.70914    -0.022656    -0.262667
-0.627067    -0.249755    0.2625    0.483566    0.7088    -0.0201733    -0.263912
-0.627077    -0.243144    0.264599    0.483602    0.708691    -0.0176875    -0.264181
-0.627092    -0.236543    0.266723    0.483584    0.708562    -0.01773    -0.264714
-0.627111    -0.229912    0.268856    0.483507    0.708448    -0.0207293    -0.265386
-0.627163    -0.223255    0.270923    0.483422    0.708724    -0.0246519    -0.264485
-0.627241    -0.216581    0.272936    0.48335    0.708578    -0.0260373    -0.265152
-0.627307    -0.209922    0.27497    0.483355    0.708337    -0.0250782    -0.266091
-0.627354    -0.203264    0.277042    0.483408    0.708194    -0.0229625    -0.266557
-0.627376    -0.196567    0.279173    0.483444    0.708025    -0.0208142    -0.267117
-0.627393    -0.189815    0.281301    0.483491    0.708781    -0.022853    -0.264155
-0.627439    -0.182983    0.283331    0.483396    0.709356    -0.0269774    -0.261999
-0.627485    -0.176142    0.285335    0.483306    0.708564    -0.0270189    -0.265252
-0.627501    -0.169362    0.287388    0.483248    0.707953    -0.0262137    -0.267704
-0.627492    -0.162643    0.289474    0.483215    0.70756    -0.0253703    -0.269252
-0.627461    -0.155985    0.291584    0.483196    0.707312    -0.0246072    -0.27021
-0.627427    -0.149342    0.293697    0.483269    0.707564    -0.0238967    -0.269161
-0.627401    -0.142697    0.295796    0.483417    0.708209    -0.0226985    -0.266481
-0.627396    -0.136047    0.297834    0.483491    0.708965    -0.0234977    -0.263437
-0.627413    -0.129394    0.299812    0.483478    0.709003    -0.0239941    -0.263308
-0.627422    -0.122746    0.301828    0.483453    0.708535    -0.0230853    -0.265173
-0.627419    -0.116097    0.303887    0.483434    0.708399    -0.0230545    -0.265728
-0.627411    -0.109425    0.305941    0.48347    0.708608    -0.022792    -0.264861
-0.627395    -0.102861    0.307955    0.483513    0.708678    -0.0216346    -0.264506
-0.627361    -0.0967409    0.309848    0.483482    0.708403    -0.0215454    -0.265623
-0.627358    -0.0899881    0.312011    0.483408    0.707732    -0.0203365    -0.268272
-0.627462    -0.0808676    0.315072    0.483466    0.707736    -0.0173268    -0.268045
NEXT
-0.621755    -0.270167    0.254169    0.483439    0.707568    -0.017228    -0.268716
-0.62144    -0.262996    0.25639    0.483526    0.708554    -0.0205648    -0.264943
-0.621309    -0.255984    0.258469    0.483513    0.709052    -0.023162    -0.26306
-0.621248    -0.249161    0.260545    0.483494    0.70838    -0.0209003    -0.265676
-0.621212    -0.242522    0.262671    0.483509    0.708191    -0.0190852    -0.266325
-0.621205    -0.235886    0.264791    0.483526    0.708474    -0.020182    -0.265245
-0.621226    -0.22921    0.266884    0.48349    0.708657    -0.0224428    -0.26464
-0.621279    -0.222524    0.268924    0.483476    0.709051    -0.0242427    -0.263124
-0.621353    -0.21584    0.270925    0.483498    0.709073    -0.0236369    -0.263
-0.621413    -0.209184    0.27296    0.483503    0.708736    -0.0222831    -0.264304
-0.621452    -0.20254    0.275041    0.483483    0.708362    -0.0212341    -0.265771
-0.621466    -0.195866    0.277176    0.483451    0.707991    -0.02023    -0.267215
-0.621479    -0.189142    0.2793    0.483492    0.708811    -0.0229397    -0.264035
-0.621529    -0.18234    0.281307    0.483485    0.709848    -0.0257607    -0.259901
-0.621583    -0.175527    0.283284    0.483535    0.709416    -0.0235532    -0.26158
-0.621607    -0.168769    0.285319    0.483537    0.708921    -0.0218772    -0.263523
-0.621609    -0.162063    0.287387    0.483496    0.708523    -0.0215765    -0.265136
-0.621595    -0.155406    0.289479    0.483409    0.708015    -0.022045    -0.267233
-0.621572    -0.148762    0.291596    0.483334    0.707657    -0.0224353    -0.268705
-0.621548    -0.142114    0.29373    0.48333    0.707781    -0.0232705    -0.268252
-0.621556    -0.135448    0.295792    0.483334    0.708469    -0.0260568    -0.265599
-0.621599    -0.128763    0.29778    0.483309    0.708537    -0.0268057    -0.265354
-0.62164    -0.122072    0.299821    0.483337    0.70814    -0.0247514    -0.266876
-0.621675    -0.115369    0.301926    0.483401    0.70818    -0.0231126    -0.266624
-0.621716    -0.108623    0.304048    0.483457    0.708382    -0.0222389    -0.265751
-0.621762    -0.101979    0.306133    0.48349    0.708559    -0.0219541    -0.265013
-0.621808    -0.0957978    0.30806    0.483472    0.708589    -0.0227068    -0.264931
-0.621897    -0.089026    0.310239    0.483357    0.707606    -0.0214488    -0.268851
-0.6221    -0.0799633    0.313326    0.48321    0.706846    -0.0212211    -0.271886
NEXT
-0.615998    -0.269681    0.2522    0.48342    0.707457    -0.0169917    -0.269142
-0.615678    -0.262465    0.254436    0.483535    0.708634    -0.0207055    -0.264624
-0.615535    -0.255419    0.256498    0.483525    0.70925    -0.0233957    -0.262258
-0.615453    -0.248569    0.258564    0.483502    0.708382    -0.0206088    -0.265651
-0.615384    -0.241906    0.260702    0.483489    0.708063    -0.0190523    -0.266843
-0.61535    -0.235239    0.26282    0.483517    0.708521    -0.0208054    -0.265094
-0.615353    -0.228527    0.264896    0.483499    0.708761    -0.0225149    -0.264215
-0.615379    -0.22182    0.26694    0.483509    0.709005    -0.0230764    -0.263247
-0.615421    -0.21513    0.268961    0.483546    0.709118    -0.0223033    -0.262737
-0.615462    -0.208469    0.270995    0.483545    0.708955    -0.0217571    -0.263375
-0.615494    -0.201824    0.273055    0.483504    0.708541    -0.0213438    -0.265045
-0.615508    -0.195159    0.275168    0.483451    0.708074    -0.0208314    -0.266917
-0.615521    -0.18846    0.277282    0.483474    0.708639    -0.0228583    -0.264739
-0.615565    -0.181701    0.279314    0.483539    0.709596    -0.0238535    -0.260848
-0.615617    -0.174932    0.281321    0.483615    0.709578    -0.0212708    -0.260772
-0.615654    -0.168202    0.28336    0.483629    0.709366    -0.0199585    -0.261562
-0.615683    -0.161505    0.285412    0.483606    0.709202    -0.0203146    -0.262265
-0.615712    -0.154837    0.287464    0.483546    0.708847    -0.0212145    -0.263783
-0.615734    -0.148176    0.289546    0.483454    0.708275    -0.0218845    -0.266164
-0.615752    -0.141508    0.291661    0.483354    0.70803    -0.0237811    -0.267271
-0.615796    -0.13482    0.293719    0.483309    0.708511    -0.0267437    -0.265458
-0.615868    -0.128111    0.29572    0.483328    0.708532    -0.0263704    -0.265357
-0.615927    -0.121396    0.297801    0.483372    0.708    -0.0231644    -0.267359
-0.615972    -0.114667    0.299968    0.483432    0.708051    -0.0214134    -0.267047
-0.616033    -0.107879    0.302144    0.483486    0.70835    -0.0210477    -0.265808
-0.616109    -0.101186    0.30427    0.483516    0.708647    -0.0214241    -0.264619
-0.616194    -0.0949726    0.306209    0.483511    0.708894    -0.0226418    -0.26368
-0.616331    -0.0882035    0.308361    0.483421    0.708061    -0.0218873    -0.267037
-0.616584    -0.0792    0.311367    0.48322    0.707163    -0.0231079    -0.270728
NEXT
-0.610186    -0.269119    0.250219    0.483376    0.707235    -0.0171901    -0.270052
-0.609876    -0.261892    0.252477    0.483524    0.708543    -0.020582    -0.264991
-0.609731    -0.254843    0.254548    0.483575    0.709412    -0.0222442    -0.26152
-0.609636    -0.247985    0.25662    0.483578    0.708663    -0.0188162    -0.264381
-0.609549    -0.241304    0.258761    0.483555    0.708334    -0.0176589    -0.265641
-0.609499    -0.23461    0.260874    0.483576    0.708849    -0.0200601    -0.263703
-0.609489    -0.227863    0.262933    0.483551    0.709048    -0.0218863    -0.263
-0.609497    -0.221133    0.264971    0.483528    0.709038    -0.0226505    -0.263085
-0.609518    -0.214431    0.266996    0.483513    0.708982    -0.0228934    -0.263333
-0.609544    -0.207762    0.269022    0.483496    0.70886    -0.0230134    -0.263842
-0.60957    -0.201114    0.271063    0.483468    0.708516    -0.0225538    -0.265222
-0.609584    -0.194456    0.273152    0.483421    0.708083    -0.0219926    -0.266953
-0.609598    -0.187777    0.275258    0.483432    0.708364    -0.0229637    -0.265866
-0.609633    -0.181061    0.277325    0.483524    0.709019    -0.0226829    -0.263165
-0.609679    -0.174336    0.279373    0.483601    0.709295    -0.0209256    -0.26192
-0.609727    -0.16763    0.281421    0.483614    0.709328    -0.02049    -0.261754
-0.609779    -0.160943    0.283467    0.483613    0.70932    -0.0205465    -0.261793
-0.609836    -0.154273    0.285509    0.483616    0.709315    -0.0203748    -0.261804
-0.609896    -0.147597    0.287564    0.483575    0.709049    -0.0209722    -0.262937
-0.609958    -0.140905    0.289638    0.483465    0.70868    -0.0232404    -0.26459
-0.610034    -0.134197    0.291692    0.483439    0.708832    -0.0245779    -0.264039
-0.610121    -0.127475    0.293733    0.483523    0.708926    -0.0224114    -0.263534
-0.610191    -0.120744    0.295853    0.483538    0.708456    -0.0194416    -0.265271
-0.610249    -0.113993    0.29805    0.483529    0.708315    -0.0189701    -0.26581
-0.610323    -0.107176    0.30026    0.483552    0.708509    -0.0192387    -0.265037
-0.610413    -0.100448    0.302414    0.483584    0.708886    -0.0198988    -0.263539
-0.610517    -0.094206    0.304365    0.483592    0.709299    -0.0212955    -0.261928
-0.610673    -0.087417    0.306497    0.483549    0.708742    -0.0206407    -0.264181
-0.610945    -0.0784098    0.309438    0.483434    0.708085    -0.0214876    -0.266914
NEXT
-0.604329    -0.26849    0.248223    0.483329    0.707037    -0.0176637    -0.270882
-0.604044    -0.261281    0.250507    0.483459    0.708146    -0.0209228    -0.266629
-0.603899    -0.254255    0.252611    0.483556    0.709084    -0.0218214    -0.262847
-0.603801    -0.247405    0.254702    0.483561    0.708564    -0.0190668    -0.264803
-0.603712    -0.24071    0.256838    0.483506    0.708206    -0.0192877    -0.266277
-0.603658    -0.233991    0.258938    0.483508    0.708679    -0.0219015    -0.264515
-0.603641    -0.227215    0.260986    0.483511    0.70901    -0.0230259    -0.263226
-0.603642    -0.22046    0.263012    0.483506    0.709067    -0.0234176    -0.263014
-0.603655    -0.213741    0.265023    0.483489    0.708987    -0.0236162    -0.26335
-0.603673    -0.207062    0.267038    0.483483    0.708871    -0.0234577    -0.26382
-0.603694    -0.200412    0.269066    0.483475    0.708614    -0.022707    -0.264829
-0.603707    -0.193759    0.27114    0.483452    0.708276    -0.0219458    -0.266166
-0.603722    -0.187098    0.27324    0.483448    0.708298    -0.0221248    -0.266088
-0.603749    -0.180419    0.275336    0.483488    0.708496    -0.0217739    -0.265259
-0.60379    -0.173732    0.277419    0.483532    0.708839    -0.0217474    -0.263851
-0.603846    -0.167047    0.279475    0.483547    0.709057    -0.022084    -0.262974
-0.603911    -0.16037    0.281525    0.483549    0.709003    -0.0217874    -0.263179
-0.60398    -0.153706    0.283582    0.483551    0.709021    -0.0217896    -0.263106
-0.604063    -0.147021    0.285625    0.483521    0.709153    -0.0232294    -0.262648
-0.604164    -0.140304    0.287651    0.483451    0.70895    -0.0246188    -0.263557
-0.604259    -0.133582    0.289711    0.483465    0.70869    -0.0232777    -0.264552
-0.604343    -0.126857    0.291815    0.483555    0.708754    -0.0203845    -0.264113
-0.604422    -0.120114    0.293967    0.483566    0.708578    -0.0189779    -0.264738
-0.604498    -0.11334    0.296161    0.483516    0.708327    -0.0196305    -0.26581
-0.604583    -0.106501    0.298378    0.483496    0.708269    -0.020211    -0.266084
-0.604676    -0.0997506    0.300549    0.483515    0.708581    -0.021188    -0.264875
-0.604782    -0.0934776    0.302514    0.483538    0.709084    -0.0224253    -0.262886
-0.604936    -0.0866429    0.304647    0.48354    0.708843    -0.0214274    -0.263813
-0.605198    -0.0775647    0.307562    0.483503    0.708523    -0.0212937    -0.265118
NEXT
-0.598458    -0.267822    0.246208    0.483314    0.707094    -0.0190928    -0.270756
-0.598216    -0.260643    0.248493    0.483354    0.707675    -0.021918    -0.2686
-0.598078    -0.253658    0.250642    0.483482    0.708502    -0.0219721    -0.265246
-0.597985    -0.246821    0.252746    0.483492    0.708403    -0.0211181    -0.265594
-0.597914    -0.240101    0.254843    0.483364    0.707976    -0.0232338    -0.26746
-0.597864    -0.233357    0.256929    0.483321    0.70807    -0.0248683    -0.267162
-0.597834    -0.226562    0.258999    0.483406    0.708523    -0.0243993    -0.265295
-0.597825    -0.219793    0.261038    0.483458    0.708876    -0.02419    -0.263839
-0.597832    -0.213062    0.26305    0.483473    0.708923    -0.0238997    -0.263629
-0.597844    -0.206378    0.265068    0.483492    0.708867    -0.0231331    -0.263817
-0.597859    -0.199728    0.267101    0.48351    0.70872    -0.021985    -0.264352
-0.597872    -0.193082    0.269171    0.483511    0.708507    -0.0209036    -0.265157
-0.597889    -0.186433    0.271263    0.483505    0.708517    -0.0212319    -0.265137
-0.59792    -0.179775    0.27335    0.483458    0.708427    -0.0224617    -0.265582
-0.597966    -0.173111    0.275427    0.483412    0.708422    -0.0238137    -0.265677
-0.598027    -0.166443    0.277485    0.483423    0.708584    -0.0241546    -0.265033
-0.598098    -0.159775    0.279535    0.483421    0.708606    -0.0243131    -0.264951
-0.598178    -0.153108    0.281582    0.483364    0.708521    -0.025497    -0.26536
-0.598274    -0.146415    0.283614    0.483329    0.708668    -0.0267932    -0.264818
-0.598385    -0.139687    0.285634    0.48336    0.708667    -0.0260301    -0.264788
-0.59848    -0.13296    0.28772    0.483434    0.708285    -0.0225518    -0.266163
-0.598553    -0.126238    0.289884    0.483519    0.708387    -0.0199941    -0.265588
-0.598636    -0.119482    0.29205    0.483525    0.708553    -0.0206221    -0.264952
-0.598731    -0.112682    0.294214    0.483434    0.708237    -0.0223031    -0.266343
-0.598825    -0.10582    0.296412    0.483354    0.7079    -0.0231877    -0.267764
-0.598918    -0.0990503    0.298582    0.48333    0.70798    -0.0242148    -0.267495
-0.599016    -0.0927492    0.300566    0.483379    0.708387    -0.0246019    -0.265863
-0.599153    -0.0858583    0.302733    0.483448    0.708447    -0.0228643    -0.265522
-0.599387    -0.0766653    0.305682    0.483499    0.708501    -0.0213701    -0.26521
NEXT
-0.592569    -0.26712    0.24418    0.483354    0.707457    -0.020495    -0.269392
-0.592382    -0.259984    0.246448    0.483332    0.707526    -0.0217169    -0.269188
-0.592256    -0.253048    0.248642    0.483436    0.708046    -0.021223    -0.267055
-0.592177    -0.246228    0.250757    0.483482    0.708558    -0.0221995    -0.265029
-0.592134    -0.239481    0.252803    0.483407    0.708473    -0.024174    -0.265487
-0.592094    -0.232712    0.254873    0.483359    0.708109    -0.0240449    -0.266962
-0.592053    -0.225908    0.25698    0.483392    0.708249    -0.0236874    -0.266374
-0.592034    -0.21913    0.259048    0.483431    0.708668    -0.0242438    -0.264695
-0.592038    -0.212393    0.261076    0.483458    0.708769    -0.0238359    -0.264261
-0.592046    -0.205707    0.263111    0.4835    0.708746    -0.0224689    -0.264278
-0.592055    -0.199061    0.265161    0.483533    0.708738    -0.0212114    -0.264231
-0.592068    -0.19242    0.267233    0.483515    0.708547    -0.0209933    -0.265
-0.592092    -0.185778    0.269308    0.483467    0.708559    -0.0227457    -0.265057
-0.592138    -0.179127    0.271354    0.483387    0.708552    -0.0250286    -0.265209
-0.592196    -0.172473    0.273395    0.483332    0.708251    -0.0253525    -0.266451
-0.592252    -0.16582    0.275459    0.483374    0.708287    -0.0243395    -0.266254
-0.59232    -0.159161    0.277513    0.483422    0.708675    -0.0244745    -0.264678
-0.592408    -0.152489    0.279539    0.483414    0.708843    -0.0252374    -0.264027
-0.592505    -0.145789    0.281566    0.483421    0.708873    -0.0251672    -0.263901
-0.592606    -0.13906    0.283608    0.483462    0.70875    -0.0236142    -0.264324
-0.592687    -0.132334    0.285731    0.483472    0.708176    -0.0206244    -0.266489
-0.592746    -0.125612    0.287931    0.483485    0.708154    -0.0198901    -0.266533
-0.592827    -0.118845    0.290099    0.483522    0.708681    -0.0213799    -0.264476
-0.59293    -0.112024    0.292232    0.483516    0.708755    -0.0219241    -0.264208
-0.59303    -0.105143    0.294394    0.483455    0.708438    -0.0225768    -0.265542
-0.593123    -0.0983537    0.29654    0.48337    0.708153    -0.0238778    -0.266777
-0.593208    -0.0920258    0.298538    0.483353    0.708108    -0.0241685    -0.266975
-0.593319    -0.0850738    0.300754    0.48339    0.708071    -0.0229098    -0.267056
-0.593513    -0.0757424    0.303778    0.483462    0.708204    -0.0212064    -0.266413
NEXT
-0.586645    -0.266394    0.242147    0.483386    0.707762    -0.0213597    -0.268214
-0.586509    -0.259309    0.244401    0.483344    0.707506    -0.0211944    -0.269239
-0.586399    -0.25242    0.246624    0.483401    0.707719    -0.0204734    -0.268332
-0.586331    -0.245622    0.24876    0.483488    0.708589    -0.0221653    -0.264901
-0.586308    -0.238863    0.250794    0.483498    0.708941    -0.0231989    -0.263516
-0.586284    -0.232077    0.252856    0.483468    0.708531    -0.0225451    -0.265159
-0.586254    -0.225258    0.254966    0.483419    0.708335    -0.0232567    -0.266001
-0.586241    -0.218471    0.257044    0.48341    0.708542    -0.0243543    -0.265215
-0.586247    -0.21173    0.25909    0.483439    0.708558    -0.0235671    -0.265108
-0.586249    -0.205049    0.261156    0.483497    0.708497    -0.0213945    -0.265229
-0.586254    -0.198409    0.263234    0.483554    0.70879    -0.0206364    -0.263984
-0.586277    -0.191766    0.265288    0.483506    0.708807    -0.0224275    -0.264021
-0.586319    -0.185118    0.267317    0.483383    0.708617    -0.0253403    -0.264958
-0.586379    -0.178467    0.269317    0.483277    0.708553    -0.0275901    -0.265324
-0.586439    -0.171821    0.271338    0.483258    0.707999    -0.0261451    -0.267513
-0.58648    -0.165186    0.273428    0.483347    0.707891    -0.0233505    -0.26781
-0.586531    -0.158543    0.275514    0.48347    0.70864    -0.0229514    -0.264737
-0.586608    -0.151876    0.277555    0.483537    0.709172    -0.022736    -0.262541
-0.586694    -0.145178    0.279591    0.483577    0.709305    -0.0218397    -0.261937
-0.586781    -0.138447    0.281649    0.483593    0.709167    -0.020699    -0.262435
-0.586853    -0.13171    0.283771    0.483545    0.708513    -0.0194996    -0.265041
-0.586907    -0.124971    0.28596    0.483469    0.708115    -0.0203855    -0.266724
-0.586972    -0.118201    0.288136    0.483518    0.708486    -0.0205808    -0.265224
-0.587052    -0.111387    0.29029    0.483618    0.709145    -0.0194983    -0.262445
-0.587146    -0.104498    0.292425    0.483599    0.709334    -0.0210935    -0.26177
-0.587246    -0.0976862    0.294512    0.483482    0.708801    -0.0232423    -0.264096
-0.587329    -0.0913292    0.296488    0.483388    0.708283    -0.0239445    -0.266251
-0.587422    -0.0843203    0.298722    0.483352    0.707846    -0.0229434    -0.267968
-0.587573    -0.0748705    0.301812    0.483408    0.707839    -0.0209901    -0.267881
NEXT
-0.58068    -0.265661    0.240131    0.483496    0.708299    -0.0203836    -0.265972
-0.58059    -0.258629    0.242361    0.483424    0.707798    -0.0201671    -0.267994
-0.580506    -0.251777    0.244587    0.483365    0.707552    -0.0207119    -0.26902
-0.580456    -0.244996    0.246737    0.483404    0.708221    -0.0231929    -0.266463
-0.580445    -0.238239    0.248793    0.483455    0.708742    -0.0237917    -0.264369
-0.580441    -0.231444    0.250857    0.48346    0.708626    -0.02321    -0.26481
-0.580437    -0.224611    0.252953    0.483425    0.708456    -0.0236286    -0.26553
-0.580441    -0.217818    0.255038    0.483447    0.708555    -0.0233509    -0.265108
-0.580449    -0.211081    0.257114    0.483509    0.708618    -0.0215382    -0.264745
-0.580452    -0.204404    0.25921    0.483521    0.70842    -0.020007    -0.265454
-0.580458    -0.197768    0.261308    0.48353    0.708711    -0.0211825    -0.264342
-0.580493    -0.191121    0.263342    0.483524    0.709181    -0.0231716    -0.26253
-0.580551    -0.184465    0.265329    0.483504    0.709296    -0.0241515    -0.262109
-0.580621    -0.177813    0.267296    0.483471    0.709337    -0.025113    -0.261989
-0.580679    -0.171171    0.269304    0.483451    0.708509    -0.0229926    -0.265276
-0.580706    -0.164548    0.271413    0.483412    0.707876    -0.0211024    -0.267738
-0.580736    -0.157917    0.273528    0.483449    0.70835    -0.0223982    -0.26589
-0.580791    -0.15126    0.275593    0.483489    0.708784    -0.0229215    -0.264145
-0.580855    -0.144568    0.277653    0.483543    0.70897    -0.021879    -0.26332
-0.58092    -0.137839    0.279729    0.483602    0.709133    -0.0202723    -0.262549
-0.58098    -0.131089    0.281837    0.483595    0.708922    -0.0195337    -0.263364
-0.581031    -0.124324    0.283981    0.483524    0.708461    -0.0201412    -0.265294
-0.581075    -0.117552    0.286157    0.483491    0.708173    -0.0198185    -0.266448
-0.581119    -0.110756    0.288347    0.483541    0.708665    -0.020588    -0.26449
-0.581197    -0.103869    0.290467    0.483556    0.709426    -0.0229281    -0.2615
-0.581296    -0.0970426    0.292505    0.483546    0.709336    -0.0229974    -0.261878
-0.581377    -0.0906631    0.294449    0.48353    0.708934    -0.0221479    -0.263487
-0.581456    -0.0836102    0.296681    0.483496    0.708277    -0.0202203    -0.266051
-0.581565    -0.0740732    0.299812    0.483481    0.70796    -0.0186708    -0.267233
NEXT
-0.574728    -0.273464    0.235501    0.483608    0.708865    -0.0184781    -0.263524
-0.574665    -0.264942    0.238158    0.483595    0.708844    -0.0191057    -0.263655
-0.574621    -0.257961    0.240349    0.483518    0.708386    -0.0199414    -0.265589
-0.574583    -0.251118    0.242525    0.483361    0.7078    -0.0223994    -0.268123
-0.574563    -0.24434    0.244662    0.483299    0.707861    -0.0245791    -0.267996
-0.574565    -0.23759    0.246754    0.483386    0.708317    -0.0241531    -0.266124
-0.574581    -0.2308    0.24884    0.483433    0.708564    -0.023798    -0.265098
-0.574607    -0.223965    0.250934    0.483422    0.708442    -0.0236397    -0.265587
-0.574624    -0.217179    0.253049    0.483478    0.708372    -0.0214578    -0.265745
-0.574634    -0.210454    0.255177    0.483574    0.708701    -0.0192153    -0.26425
-0.57465    -0.203777    0.257284    0.483567    0.708734    -0.0198101    -0.264159
-0.574675    -0.197132    0.259363    0.4835    0.70866    -0.0220495    -0.264605
-0.574713    -0.190487    0.261406    0.483545    0.709066    -0.0221012    -0.262938
-0.574765    -0.18384    0.263414    0.483626    0.709699    -0.021193    -0.260261
-0.574831    -0.177192    0.265383    0.483643    0.710107    -0.0215204    -0.258585
-0.574891    -0.170549    0.267372    0.483626    0.709361    -0.0201023    -0.261593
-0.574921    -0.163919    0.269445    0.483515    0.708449    -0.0204832    -0.265368
-0.574948    -0.157281    0.271532    0.483425    0.708345    -0.0230812    -0.265948
-0.574984    -0.150624    0.273595    0.483407    0.708398    -0.0238487    -0.265778
-0.575018    -0.143939    0.27568    0.483467    0.708392    -0.0219463    -0.265692
-0.575043    -0.137223    0.277802    0.483584    0.708787    -0.019354    -0.263909
-0.575074    -0.130472    0.279915    0.483627    0.709173    -0.0191704    -0.262306
-0.575112    -0.12369    0.282018    0.483585    0.708929    -0.0200422    -0.263372
-0.575142    -0.116905    0.284159    0.483491    0.708308    -0.0206213    -0.265954
-0.57517    -0.110105    0.286327    0.483421    0.708244    -0.0227668    -0.266342
-0.575223    -0.103226    0.288454    0.483486    0.708931    -0.023578    -0.263582
-0.575292    -0.0964124    0.290516    0.483602    0.709381    -0.0212037    -0.261583
-0.575354    -0.0900319    0.292468    0.483646    0.709415    -0.0194013    -0.261324
-0.575416    -0.0829606    0.294699    0.483625    0.708844    -0.0173388    -0.263526
NEXT
-0.568658    -0.272622    0.233564    0.483524    0.708468    -0.0201519    -0.265268
-0.568641    -0.264224    0.236208    0.483575    0.708747    -0.0194966    -0.264081
-0.568636    -0.257302    0.23837    0.483584    0.70891    -0.0198782    -0.263437
-0.568647    -0.25046    0.240491    0.483522    0.708708    -0.0215259    -0.264375
-0.568662    -0.243678    0.242607    0.483474    0.708388    -0.0217088    -0.265693
-0.568678    -0.236938    0.244734    0.483508    0.70851    -0.0210394    -0.265154
-0.568712    -0.230158    0.24685    0.483555    0.708925    -0.0212692    -0.263468
-0.568762    -0.223331    0.248955    0.483573    0.708905    -0.0204359    -0.263496
-0.568793    -0.216558    0.251102    0.483569    0.708512    -0.0181861    -0.264952
-0.568808    -0.209845    0.25327    0.483595    0.708739    -0.0184057    -0.264036
-0.568847    -0.20316    0.25536    0.483559    0.70907    -0.0216183    -0.262893
-0.568901    -0.196499    0.257396    0.483458    0.708659    -0.0233632    -0.264686
-0.568939    -0.189856    0.259456    0.483462    0.708429    -0.0223273    -0.265566
-0.568975    -0.183222    0.261509    0.483541    0.709061    -0.0222155    -0.262968
-0.56903    -0.176581    0.2635    0.483584    0.709717    -0.0227417    -0.260282
-0.569088    -0.169936    0.26548    0.483594    0.709448    -0.0217117    -0.261338
-0.56913    -0.163289    0.267498    0.48352    0.708902    -0.0223658    -0.263628
-0.56916    -0.156637    0.269538    0.48345    0.708585    -0.0233439    -0.264987
-0.56918    -0.149977    0.271592    0.483455    0.708442    -0.0225668    -0.265527
-0.569182    -0.143301    0.273701    0.48349    0.708178    -0.0199304    -0.266435
-0.569166    -0.136603    0.275872    0.483558    0.708425    -0.0181998    -0.265309
-0.569166    -0.129858    0.277996    0.483607    0.709131    -0.0199534    -0.262532
-0.569189    -0.123066    0.28006    0.483566    0.709114    -0.0215222    -0.262705
-0.56921    -0.116268    0.282154    0.483509    0.70863    -0.0216109    -0.264701
-0.569227    -0.109458    0.284281    0.483467    0.708461    -0.0222843    -0.265432
-0.569252    -0.102586    0.286415    0.483479    0.708615    -0.0225893    -0.264818
-0.569285    -0.0957926    0.288514    0.483519    0.708777    -0.0218824    -0.264113
-0.569322    -0.0894268    0.290485    0.483551    0.708873    -0.0211716    -0.263675
-0.569361    -0.0823642    0.292708    0.483541    0.708509    -0.0197206    -0.265072
NEXT
-0.562634    -0.271748    0.231588    0.483425    0.707956    -0.0211274    -0.267413
-0.562648    -0.263495    0.234258    0.48353    0.708278    -0.0186649    -0.265943
-0.562666    -0.256648    0.236435    0.483622    0.709072    -0.0190252    -0.262714
-0.562714    -0.249818    0.238537    0.483613    0.709303    -0.0204039    -0.261854
-0.56276    -0.243033    0.240646    0.483583    0.70882    -0.019536    -0.263785
-0.562795    -0.236299    0.242792    0.483579    0.708684    -0.0189056    -0.264301
-0.562842    -0.229532    0.244933    0.483615    0.709043    -0.019156    -0.26284
-0.562903    -0.222724    0.247062    0.483644    0.709146    -0.0180925    -0.262339
-0.562947    -0.215961    0.249219    0.483623    0.708778    -0.01687    -0.263763
-0.56298    -0.209247    0.251378    0.483607    0.708973    -0.019238    -0.263134
-0.563048    -0.202548    0.253422    0.483525    0.709474    -0.0239704    -0.261359
-0.563131    -0.195868    0.255402    0.483426    0.708804    -0.0248222    -0.264166
-0.563174    -0.18922    0.25746    0.48339    0.70804    -0.0227471    -0.267171
-0.563198    -0.182592    0.259546    0.483454    0.708501    -0.0229101    -0.265303
-0.563239    -0.175957    0.261573    0.483526    0.70918    -0.0231638    -0.262533
-0.563288    -0.169311    0.263564    0.483557    0.709394    -0.0227788    -0.261626
-0.563336    -0.16265    0.265547    0.483516    0.709262    -0.0236963    -0.262223
-0.563366    -0.155988    0.267557    0.483481    0.708742    -0.0229929    -0.264321
-0.56337    -0.14933    0.269618    0.483497    0.708419    -0.0209858    -0.265521
-0.563348    -0.142664    0.271751    0.483501    0.708056    -0.0184105    -0.266828
-0.563305    -0.135979    0.273947    0.483532    0.708207    -0.0178384    -0.26617
-0.563287    -0.129242    0.276067    0.48358    0.709113    -0.0210292    -0.262677
-0.563302    -0.122452    0.278094    0.483544    0.709232    -0.0227298    -0.262292
-0.563311    -0.115651    0.280157    0.483517    0.708774    -0.0219363    -0.26413
-0.563311    -0.108837    0.282264    0.483507    0.708664    -0.0218435    -0.264576
-0.563316    -0.101966    0.284382    0.483482    0.708661    -0.0226883    -0.264638
-0.563327    -0.0951807    0.286468    0.483446    0.70849    -0.0230702    -0.265359
-0.563339    -0.0888386    0.288437    0.483452    0.708395    -0.0224879    -0.265714
-0.563347    -0.0818125    0.29064    0.483449    0.708247    -0.0218715    -0.26628
NEXT
-0.556648    -0.270865    0.229605    0.483403    0.707699    -0.0202668    -0.268401
-0.556691    -0.262763    0.232306    0.483466    0.707755    -0.0176088    -0.267988
-0.556732    -0.255993    0.234506    0.483575    0.708836    -0.0199601    -0.26375
-0.556815    -0.249172    0.236595    0.483542    0.709222    -0.022807    -0.262339
-0.556893    -0.242381    0.238691    0.483479    0.708509    -0.0221212    -0.265227
-0.55695    -0.235647    0.240836    0.483437    0.708149    -0.0218132    -0.266673
-0.557012    -0.22889    0.242983    0.483422    0.70827    -0.0228243    -0.266242
-0.557081    -0.222101    0.245121    0.483404    0.708184    -0.0229969    -0.2666
-0.557136    -0.215349    0.247274    0.483378    0.707887    -0.0223546    -0.26777
-0.557182    -0.208636    0.249418    0.483394    0.708315    -0.0239076    -0.266117
-0.557262    -0.201934    0.251445    0.483418    0.709273    -0.0263097    -0.262309
-0.557353    -0.195247    0.253412    0.483481    0.709038    -0.0240457    -0.263165
-0.557398    -0.188596    0.255473    0.483485    0.70829    -0.0207655    -0.266035
-0.557416    -0.181964    0.257575    0.483504    0.708561    -0.0214645    -0.264973
-0.557448    -0.175326    0.259624    0.483519    0.708985    -0.0226958    -0.263308
-0.557489    -0.168674    0.261631    0.483533    0.709258    -0.023147    -0.262207
-0.557533    -0.162007    0.26361    0.483561    0.709505    -0.0229858    -0.261179
-0.55756    -0.15534    0.265616    0.483581    0.709107    -0.020994    -0.262701
-0.557556    -0.148685    0.267681    0.483557    0.708603    -0.0195452    -0.264677
-0.557526    -0.142023    0.269813    0.483495    0.708026    -0.0184773    -0.266951
-0.557474    -0.135344    0.272003    0.483462    0.707938    -0.0194127    -0.267374
-0.557447    -0.128616    0.274114    0.483505    0.708839    -0.0226687    -0.263905
-0.557453    -0.121838    0.27613    0.483531    0.709218    -0.0230741    -0.262371
-0.557449    -0.115044    0.278179    0.483538    0.708887    -0.0216992    -0.26365
-0.557432    -0.108229    0.280274    0.483523    0.708775    -0.0217687    -0.264115
-0.557419    -0.101357    0.282373    0.483518    0.708868    -0.0222964    -0.263764
-0.557409    -0.0945742    0.284442    0.483518    0.708756    -0.0218536    -0.264198
-0.557395    -0.0882483    0.286399    0.483515    0.708548    -0.0209993    -0.264997
-0.557369    -0.0812457    0.28857    0.48348    0.708552    -0.0222507    -0.265056
NEXT
-0.550694    -0.269988    0.227632    0.483378    0.70746    -0.0194247    -0.269308
-0.550772    -0.262034    0.230352    0.483388    0.707317    -0.0174838    -0.269747
-0.550844    -0.255331    0.232555    0.483507    0.70865    -0.0217481    -0.264627
-0.550969    -0.24851    0.23462    0.483453    0.709267    -0.0254023    -0.262293
-0.551083    -0.241705    0.236688    0.483402    0.708465    -0.024273    -0.265527
-0.551165    -0.234967    0.238818    0.483354    0.70803    -0.0238165    -0.26727
-0.551243    -0.228215    0.240942    0.483319    0.708117    -0.0251281    -0.266988
-0.551324    -0.221438    0.243054    0.48327    0.707908    -0.0255278    -0.267854
-0.551383    -0.214697    0.245195    0.483225    0.707469    -0.0246529    -0.26958
-0.551428    -0.207996    0.247346    0.483255    0.707737    -0.0251586    -0.268527
-0.551491    -0.201312    0.249418    0.48339    0.708664    -0.0252916    -0.264765
-0.55156    -0.194644    0.251443    0.483532    0.7089    -0.0219728    -0.263613
-0.551596    -0.187994    0.253528    0.483545    0.708511    -0.0195768    -0.265055
-0.551617    -0.18135    0.255627    0.483531    0.708714    -0.0212526    -0.264334
-0.551652    -0.174692    0.257669    0.483501    0.709018    -0.0234079    -0.263213
-0.55169    -0.168027    0.259683    0.483505    0.708991    -0.0232221    -0.263314
-0.55172    -0.161361    0.261701    0.48358    0.709232    -0.0214792    -0.262217
-0.551737    -0.154699    0.263731    0.483623    0.709265    -0.0198154    -0.261972
-0.551738    -0.148043    0.265782    0.483593    0.708928    -0.0196402    -0.26335
-0.551719    -0.141377    0.26788    0.483506    0.708276    -0.0197231    -0.266024
-0.551679    -0.134693    0.270027    0.483415    0.70793    -0.0212947    -0.267532
-0.551652    -0.127975    0.272129    0.48343    0.708458    -0.0234237    -0.265511
-0.551642    -0.121219    0.274172    0.48351    0.708926    -0.0228185    -0.263559
-0.551625    -0.114439    0.276228    0.48354    0.708912    -0.0217067    -0.263549
-0.551596    -0.107627    0.278307    0.483536    0.708852    -0.0216491    -0.26379
-0.551563    -0.100755    0.280402    0.483555    0.708944    -0.0212933    -0.263392
-0.551525    -0.0939722    0.282472    0.483583    0.708975    -0.0202914    -0.263198
-0.551482    -0.0876451    0.284421    0.483582    0.708844    -0.019656    -0.263693
-0.551421    -0.0806274    0.286546    0.483541    0.709176    -0.0226783    -0.262521
NEXT
-0.544762    -0.269113    0.22567    0.483384    0.707474    -0.0192485    -0.26924
-0.54489    -0.261294    0.228359    0.483283    0.707011    -0.0197444    -0.271131
-0.544995    -0.254652    0.230546    0.483348    0.708186    -0.0246116    -0.26668
-0.545146    -0.247841    0.232614    0.483394    0.709082    -0.0263926    -0.263103
-0.545278    -0.241036    0.234693    0.483469    0.708639    -0.0230079    -0.264744
-0.545369    -0.234301    0.236833    0.483517    0.708502    -0.0207227    -0.265166
-0.545448    -0.227562    0.238966    0.483583    0.708933    -0.0201141    -0.263359
-0.545523    -0.220807    0.241078    0.483631    0.709153    -0.0188946    -0.262371
-0.545584    -0.214079    0.243201    0.483609    0.708878    -0.0185881    -0.263481
-0.545632    -0.207381    0.245331    0.483543    0.708645    -0.0203208    -0.264555
-0.545683    -0.200709    0.247424    0.483545    0.708833    -0.021169    -0.26384
-0.545732    -0.194053    0.249493    0.483575    0.708911    -0.020372    -0.263469
-0.545766    -0.187396    0.251577    0.483535    0.708637    -0.0206995    -0.264612
-0.545796    -0.180731    0.253652    0.48347    0.708664    -0.0230667    -0.264648
-0.545836    -0.174049    0.255681    0.483437    0.708904    -0.0248078    -0.263758
-0.545872    -0.167368    0.257705    0.483453    0.708661    -0.0235454    -0.264688
-0.54589    -0.160702    0.259763    0.483506    0.708618    -0.0216753    -0.264754
-0.5459    -0.154043    0.261822    0.483548    0.708886    -0.0213407    -0.263632
-0.54591    -0.147385    0.263863    0.483538    0.708867    -0.0216099    -0.263728
-0.545905    -0.140716    0.26593    0.483488    0.708425    -0.0213718    -0.265521
-0.545883    -0.134031    0.268037    0.483424    0.708134    -0.0221263    -0.266755
-0.545862    -0.127323    0.270127    0.483413    0.708317    -0.0233463    -0.266078
-0.545844    -0.120591    0.272192    0.483447    0.708517    -0.0232122    -0.265255
-0.545815    -0.113827    0.274263    0.483487    0.708623    -0.0223133    -0.264771
-0.545772    -0.107026    0.276348    0.483536    0.708737    -0.0210977    -0.26423
-0.545714    -0.100164    0.278462    0.483593    0.708902    -0.0194595    -0.263441
-0.545645    -0.0933871    0.280554    0.483645    0.70915    -0.0180992    -0.262324
-0.545572    -0.0870484    0.282506    0.48366    0.709256    -0.0177279    -0.261859
-0.545472    -0.0799847    0.284605    0.483657    0.709983    -0.020697    -0.259046
NEXT
-0.538848    -0.268241    0.223725    0.483456    0.707892    -0.0193356    -0.267558
-0.53904    -0.26054    0.226327    0.483355    0.707526    -0.0209025    -0.269139
-0.539178    -0.253956    0.22848    0.483363    0.708159    -0.0241366    -0.266764
-0.539332    -0.247173    0.23059    0.483455    0.708809    -0.0240417    -0.264106
-0.539458    -0.240385    0.232727    0.483528    0.708513    -0.0203402    -0.265098
-0.539537    -0.233664    0.234917    0.483557    0.708396    -0.0179791    -0.265408
-0.539596    -0.226951    0.2371    0.483628    0.708812    -0.0167378    -0.263612
-0.539644    -0.220232    0.239258    0.483698    0.709399    -0.0157342    -0.261109
-0.539701    -0.213515    0.241363    0.483701    0.709702    -0.0174563    -0.259986
-0.539766    -0.206807    0.243424    0.48363    0.709339    -0.0198673    -0.261667
-0.539819    -0.20013    0.245489    0.48359    0.709024    -0.020242    -0.262994
-0.539863    -0.193472    0.247556    0.483592    0.709101    -0.0205175    -0.262695
-0.539906    -0.186795    0.249603    0.483549    0.709071    -0.0220215    -0.262913
-0.53995    -0.180102    0.251637    0.483486    0.708939    -0.0235933    -0.263549
-0.539993    -0.173396    0.253659    0.483473    0.708989    -0.0241291    -0.263371
-0.540026    -0.166697    0.255699    0.483485    0.708655    -0.0225565    -0.264656
-0.540038    -0.160024    0.257783    0.483484    0.708386    -0.0213069    -0.265679
-0.540048    -0.153363    0.259861    0.483505    0.708671    -0.0219799    -0.264555
-0.540066    -0.146706    0.261904    0.483513    0.70883    -0.0222993    -0.263921
-0.540074    -0.14004    0.26396    0.483505    0.708597    -0.0216359    -0.264836
-0.540069    -0.133361    0.266045    0.483484    0.708455    -0.0216716    -0.265418
-0.540059    -0.126666    0.268122    0.483476    0.708548    -0.0224257    -0.265085
-0.540046    -0.119953    0.270187    0.48347    0.708513    -0.0224299    -0.265228
-0.540009    -0.113209    0.272276    0.483493    0.708438    -0.0212516    -0.265463
-0.539947    -0.106426    0.274395    0.483543    0.708499    -0.01956    -0.265101
-0.539861    -0.0995864    0.276548    0.48359    0.708609    -0.0177479    -0.264523
-0.53976    -0.0928233    0.278679    0.483643    0.708969    -0.0169691    -0.262986
-0.53966    -0.0864669    0.280647    0.483673    0.709316    -0.0172551    -0.261577
-0.539517    -0.0793329    0.282756    0.483696    0.710161    -0.0192837    -0.258206
-0.53926    -0.069511    0.285502    0.483715    0.710917    -0.0192532    -0.255022
NEXT
-0.532957    -0.267372    0.22184    0.483541    0.708215    -0.0174504    -0.266108
-0.533197    -0.259804    0.224399    0.483582    0.708485    -0.0171558    -0.264983
-0.533353    -0.253286    0.226528    0.483626    0.709047    -0.0186715    -0.262792
-0.533507    -0.246533    0.228656    0.483639    0.709338    -0.019356    -0.261637
-0.53363    -0.239753    0.23081    0.483602    0.708803    -0.0184342    -0.263775
-0.533711    -0.233028    0.232997    0.48352    0.708229    -0.0187934    -0.26615
-0.533758    -0.226328    0.235192    0.483485    0.708026    -0.0190005    -0.266989
-0.533783    -0.219637    0.237372    0.483533    0.708466    -0.0197439    -0.265247
-0.533832    -0.212932    0.239455    0.483533    0.709184    -0.022961    -0.262503
-0.533902    -0.206218    0.241461    0.483473    0.708957    -0.0240317    -0.263496
-0.533946    -0.199543    0.243512    0.483484    0.708508    -0.021965    -0.265219
-0.533973    -0.192889    0.245594    0.483553    0.708879    -0.0210811    -0.263646
-0.53401    -0.186203    0.24764    0.483594    0.70936    -0.0214337    -0.261686
-0.534053    -0.179489    0.249666    0.483614    0.709466    -0.021056    -0.261222
-0.534093    -0.172761    0.251698    0.483632    0.709532    -0.0205035    -0.26091
-0.534125    -0.16604    0.253747    0.483625    0.709265    -0.0197116    -0.261965
-0.534146    -0.159346    0.255824    0.483571    0.708833    -0.0201758    -0.263774
-0.534165    -0.152674    0.257898    0.483534    0.708791    -0.0213889    -0.264024
-0.53419    -0.146019    0.259952    0.483554    0.708905    -0.0211338    -0.263542
-0.534206    -0.139362    0.262018    0.483581    0.708855    -0.0197952    -0.263658
-0.53421    -0.132696    0.264109    0.483608    0.708934    -0.0189914    -0.263279
-0.534212    -0.126018    0.266185    0.483624    0.709168    -0.0193767    -0.262343
-0.534212    -0.119325    0.268244    0.483615    0.709092    -0.0194187    -0.262659
-0.534181    -0.1126    0.270336    0.483597    0.708792    -0.0186778    -0.263838
-0.534118    -0.105837    0.272467    0.48358    0.708578    -0.0181557    -0.26468
-0.534028    -0.0990193    0.274629    0.483557    0.708385    -0.0179237    -0.26545
-0.533918    -0.0922726    0.276768    0.483557    0.708478    -0.0186171    -0.265121
-0.533804    -0.0859078    0.278748    0.483586    0.708783    -0.0192402    -0.263916
-0.533622    -0.0787126    0.280895    0.483649    0.709574    -0.0198162    -0.260693
-0.533266    -0.0687352    0.283735    0.483733    0.710515    -0.0178081    -0.25661
NEXT
-0.527092    -0.266503    0.220014    0.483514    0.707937    -0.0161995    -0.267144
-0.527362    -0.25908    0.222581    0.483565    0.708308    -0.0167024    -0.265673
-0.527519    -0.252641    0.224701    0.483622    0.708999    -0.0185253    -0.262976
-0.527668    -0.245918    0.226816    0.483651    0.709492    -0.0194064    -0.261004
-0.527795    -0.239137    0.228931    0.483624    0.709215    -0.0196341    -0.262163
-0.527892    -0.23239    0.231053    0.483514    0.708548    -0.0210725    -0.265002
-0.527944    -0.225684    0.233203    0.483397    0.707822    -0.021272    -0.267967
-0.527956    -0.219011    0.235369    0.483384    0.707972    -0.0226292    -0.26744
-0.527994    -0.212317    0.23743    0.483388    0.708853    -0.0259321    -0.264023
-0.528051    -0.205608    0.239412    0.4834    0.708719    -0.0252083    -0.264536
-0.528072    -0.198944    0.241477    0.483429    0.708058    -0.0215912    -0.267031
-0.528068    -0.192302    0.2436    0.483501    0.7084    -0.0207481    -0.265586
-0.528082    -0.185617    0.245683    0.483566    0.70901    -0.0211514    -0.263113
-0.52811    -0.178894    0.247741    0.483606    0.709253    -0.0205387    -0.262069
-0.52814    -0.172146    0.249801    0.483639    0.70944    -0.0198007    -0.261245
-0.528175    -0.165396    0.251856    0.483648    0.709537    -0.0197841    -0.260842
-0.528216    -0.158671    0.253899    0.483609    0.709373    -0.0208402    -0.261595
-0.528254    -0.15198    0.255949    0.48358    0.709015    -0.0206145    -0.263055
-0.528283    -0.145329    0.258022    0.483604    0.708927    -0.0191024    -0.263316
-0.528302    -0.138687    0.26012    0.483628    0.708918    -0.0176677    -0.263248
-0.52831    -0.132039    0.262236    0.483646    0.709026    -0.0172613    -0.262774
-0.528324    -0.12538    0.26432    0.483661    0.70936    -0.0183819    -0.261475
-0.528342    -0.118706    0.266371    0.483646    0.70932    -0.0189739    -0.261684
-0.528334    -0.112    0.268449    0.483614    0.708966    -0.0187326    -0.26313
-0.528294    -0.105256    0.270561    0.483582    0.708683    -0.0188038    -0.264294
-0.528225    -0.0984616    0.2727    0.483554    0.708477    -0.0188942    -0.265144
-0.528132    -0.0917365    0.274817    0.48354    0.708446    -0.0193104    -0.265301
-0.528023    -0.0853777    0.2768    0.483539    0.708503    -0.0197504    -0.265099
-0.527814    -0.0781411    0.278995    0.483577    0.708862    -0.0199769    -0.263643
-0.527369    -0.0680255    0.281965    0.483672    0.709466    -0.0182349    -0.261025
NEXT
-0.520595    -0.275906    0.21451    0.48359    0.708335    -0.0139629    -0.265336
-0.521272    -0.265621    0.218175    0.483479    0.707902    -0.0182354    -0.267438
-0.521583    -0.258301    0.220684    0.48336    0.707713    -0.0219771    -0.268451
-0.521731    -0.251938    0.222772    0.483347    0.707877    -0.0233158    -0.267865
-0.521845    -0.245277    0.224903    0.483496    0.708574    -0.0218406    -0.264941
-0.521948    -0.238523    0.22701    0.483559    0.709131    -0.0218376    -0.262657
-0.522047    -0.231766    0.229072    0.48349    0.708867    -0.0231983    -0.26382
-0.522101    -0.225054    0.231168    0.483379    0.707974    -0.0227755    -0.267439
-0.52211    -0.21839    0.233302    0.483312    0.707826    -0.0240166    -0.26811
-0.522133    -0.211708    0.235359    0.483356    0.708614    -0.0259851    -0.265003
-0.52217    -0.205011    0.23736    0.483456    0.708709    -0.0236883    -0.264498
-0.522175    -0.198351    0.239443    0.483457    0.708062    -0.0204745    -0.266942
-0.522161    -0.191706    0.24158    0.483452    0.708153    -0.021213    -0.26662
-0.522169    -0.185012    0.243677    0.483457    0.708539    -0.0229737    -0.265152
-0.522191    -0.178275    0.245754    0.48346    0.708559    -0.0229212    -0.265067
-0.522215    -0.17151    0.247847    0.483509    0.708673    -0.0218529    -0.26454
-0.522247    -0.164743    0.249931    0.483568    0.709115    -0.0215256    -0.262704
-0.522296    -0.157998    0.251977    0.483602    0.709406    -0.021269    -0.261484
-0.522341    -0.151296    0.254039    0.483628    0.709122    -0.0189084    -0.262497
-0.522372    -0.14465    0.256145    0.483653    0.709013    -0.0165813    -0.262771
-0.522397    -0.138015    0.258264    0.483664    0.709106    -0.016291    -0.262368
-0.522423    -0.131371    0.260379    0.483647    0.709101    -0.0176727    -0.262496
-0.52246    -0.124719    0.262452    0.483622    0.709285    -0.0199353    -0.261896
-0.522506    -0.118055    0.264485    0.483587    0.709179    -0.0210005    -0.262405
-0.522528    -0.111369    0.266546    0.483548    0.708789    -0.0208459    -0.264001
-0.522521    -0.104655    0.268645    0.48352    0.708467    -0.020341    -0.265285
-0.522481    -0.0979074    0.270782    0.483536    0.708347    -0.0188067    -0.265669
-0.522415    -0.0912351    0.272903    0.483589    0.708659    -0.0182357    -0.264355
-0.522336    -0.0849063    0.274874    0.483574    0.708796    -0.0198419    -0.263904
-0.522146    -0.0776559    0.277065    0.483496    0.708522    -0.0215438    -0.265138
-0.521687    -0.06745    0.280077    0.483431    0.708285    -0.0226496    -0.266171
NEXT
-0.514706    -0.274968    0.212811    0.483707    0.709382    -0.0138483    -0.261018
-0.515512    -0.264735    0.216339    0.483581    0.70878    -0.0194278    -0.263943
-0.515863    -0.257469    0.218725    0.483426    0.708406    -0.0233593    -0.265717
-0.515988    -0.251174    0.220756    0.483343    0.707685    -0.0224013    -0.26859
-0.516036    -0.244602    0.222922    0.483439    0.707874    -0.0200557    -0.267676
-0.516086    -0.237907    0.225047    0.483555    0.70905    -0.0217566    -0.262984
-0.516167    -0.23116    0.227069    0.483545    0.709361    -0.0231266    -0.261782
-0.516215    -0.22445    0.229116    0.4835    0.708633    -0.0219149    -0.264707
-0.516223    -0.217789    0.231207    0.483442    0.708304    -0.0223637    -0.266075
-0.516233    -0.211117    0.233274    0.48346    0.70863    -0.0232113    -0.264793
-0.516246    -0.204433    0.235322    0.483517    0.708674    -0.0215749    -0.264516
-0.516247    -0.197769    0.23742    0.48351    0.708299    -0.0197441    -0.265931
-0.516243    -0.191106    0.239547    0.483506    0.708442    -0.0208232    -0.265417
-0.51626    -0.184391    0.241635    0.483495    0.708782    -0.0227033    -0.26414
-0.516289    -0.177634    0.243713    0.483475    0.708564    -0.0225416    -0.265024
-0.516312    -0.170854    0.245831    0.483459    0.708317    -0.021839    -0.26599
-0.516341    -0.164075    0.247955    0.483492    0.708598    -0.0220696    -0.264859
-0.516386    -0.157322    0.250045    0.483555    0.708944    -0.0212752    -0.263392
-0.516427    -0.150618    0.25215    0.483592    0.708738    -0.0185441    -0.264052
-0.516455    -0.143973    0.254297    0.483606    0.708645    -0.0168479    -0.264305
-0.516491    -0.137336    0.256427    0.483633    0.708996    -0.0179062    -0.262945
-0.516545    -0.130683    0.258516    0.483614    0.709168    -0.0197866    -0.262371
-0.516613    -0.124026    0.260563    0.48359    0.709337    -0.021456    -0.26178
-0.516688    -0.117366    0.26258    0.483578    0.709272    -0.0217411    -0.262068
-0.516745    -0.110701    0.264628    0.48357    0.708948    -0.0207757    -0.263342
-0.516777    -0.10403    0.266722    0.483558    0.708566    -0.0192126    -0.264803
-0.516776    -0.0973563    0.268879    0.483542    0.708184    -0.0171085    -0.266207
-0.516752    -0.090773    0.271023    0.483589    0.708634    -0.0179711    -0.264438
-0.516736    -0.0845088    0.272971    0.483586    0.709207    -0.0211704    -0.2623
-0.516621    -0.077292    0.275118    0.483537    0.70892    -0.0218652    -0.263526
-0.516236    -0.0670817    0.278108    0.483528    0.708787    -0.0215891    -0.264056
NEXT
-0.509055    -0.274158    0.211203    0.483755    0.710218    -0.0142465    -0.257569
-0.509868    -0.263887    0.214604    0.483687    0.709767    -0.0186263    -0.259807
-0.510184    -0.256635    0.216884    0.483616    0.709504    -0.0210941    -0.261066
-0.510249    -0.250394    0.218847    0.483532    0.708329    -0.0189044    -0.26575
-0.510225    -0.243905    0.220988    0.483483    0.707874    -0.0176563    -0.267509
-0.510211    -0.237282    0.223099    0.483585    0.709019    -0.0204795    -0.263032
-0.510244    -0.23058    0.22511    0.483635    0.709709    -0.0208951    -0.260201
-0.510263    -0.223892    0.227132    0.48365    0.70938    -0.0189903    -0.261436
-0.510258    -0.217237    0.229192    0.48363    0.709153    -0.0190012    -0.262377
-0.510259    -0.210563    0.231248    0.483607    0.709178    -0.0201561    -0.262355
-0.510268    -0.203873    0.233306    0.483578    0.70888    -0.020015    -0.263572
-0.510271    -0.197196    0.235415    0.483559    0.708481    -0.0185959    -0.265107
-0.510273    -0.190515    0.23755    0.48359    0.708801    -0.0190932    -0.263833
-0.510295    -0.183779    0.23964    0.483607    0.709277    -0.0206174    -0.261977
-0.510331    -0.176998    0.241711    0.483581    0.709106    -0.0209366    -0.262702
-0.510369    -0.170191    0.243813    0.483499    0.708656    -0.0220889    -0.264622
-0.510408    -0.163391    0.245934    0.483429    0.708324    -0.0228755    -0.266026
-0.51045    -0.156631    0.248062    0.483472    0.70835    -0.0215726    -0.265841
-0.510487    -0.149921    0.250207    0.483506    0.708253    -0.0196117    -0.26611
-0.510514    -0.143266    0.252373    0.4835    0.708146    -0.0192165    -0.266518
-0.510558    -0.136617    0.254509    0.483522    0.708551    -0.0207518    -0.26497
-0.510627    -0.129952    0.256593    0.483537    0.708908    -0.0218085    -0.263571
-0.510709    -0.12329    0.258644    0.483561    0.709197    -0.0220364    -0.262394
-0.510798    -0.116636    0.260672    0.483597    0.709279    -0.0209639    -0.26199
-0.510879    -0.11    0.262736    0.48363    0.709112    -0.0187899    -0.262532
-0.510952    -0.103387    0.264845    0.483641    0.708918    -0.0167736    -0.263181
-0.511018    -0.0968104    0.266994    0.483594    0.708476    -0.0161003    -0.264939
-0.511086    -0.0903551    0.269116    0.483575    0.708642    -0.0188413    -0.264466
-0.511181    -0.0842233    0.271045    0.483575    0.709284    -0.0218122    -0.262022
-0.511205    -0.0771568    0.2732    0.483631    0.709198    -0.019136    -0.262202
-0.511006    -0.0671378    0.276259    0.483732    0.709754    -0.014052    -0.259489
NEXT
-0.503804    -0.273441    0.209691    0.4837    0.710153    -0.0190908    -0.258226
-0.504452    -0.263096    0.212957    0.483603    0.709742    -0.0221545    -0.260143
-0.504642    -0.255837    0.215143    0.483554    0.709482    -0.023144    -0.261281
-0.504612    -0.249634    0.217031    0.483503    0.708318    -0.0202309    -0.265886
-0.504513    -0.243216    0.219105    0.483433    0.707701    -0.0188903    -0.268297
-0.504434    -0.236666    0.221179    0.483494    0.708519    -0.0216684    -0.265157
-0.504408    -0.230025    0.223187    0.483525    0.709012    -0.0226716    -0.263194
-0.504386    -0.223373    0.225204    0.483533    0.70884    -0.0216501    -0.263842
-0.504358    -0.216724    0.227244    0.483531    0.708812    -0.02159    -0.263954
-0.504351    -0.210043    0.229282    0.483539    0.709004    -0.02209    -0.263194
-0.504361    -0.203333    0.23133    0.483546    0.708793    -0.0209558    -0.263992
-0.504363    -0.196636    0.233446    0.483525    0.708294    -0.0190659    -0.265903
-0.50436    -0.189935    0.235598    0.483544    0.708549    -0.0197382    -0.26491
-0.504372    -0.18318    0.237702    0.483589    0.709141    -0.0207513    -0.262544
-0.504401    -0.176377    0.239771    0.483616    0.709413    -0.0207582    -0.261423
-0.504445    -0.16954    0.241836    0.483599    0.709459    -0.0215688    -0.261283
-0.504491    -0.162712    0.243928    0.483569    0.708878    -0.020485    -0.263612
-0.504522    -0.155937    0.246076    0.483551    0.708466    -0.0189253    -0.265193
-0.504545    -0.149209    0.248239    0.483535    0.708374    -0.019072    -0.26558
-0.504563    -0.142526    0.250392    0.483477    0.708177    -0.0204261    -0.266474
-0.504597    -0.135848    0.25252    0.483458    0.708324    -0.0219182    -0.265968
-0.504656    -0.129162    0.25462    0.483497    0.708643    -0.0221333    -0.264676
-0.504728    -0.122489    0.256694    0.483534    0.708924    -0.0219556    -0.263514
-0.504813    -0.115837    0.258752    0.483562    0.708923    -0.0209691    -0.263458
-0.50491    -0.109235    0.260848    0.483576    0.708669    -0.0189614    -0.264364
-0.505027    -0.102695    0.26298    0.483594    0.708656    -0.0178708    -0.264339
-0.50519    -0.0962453    0.265101    0.483574    0.70858    -0.0185245    -0.264699
-0.505402    -0.0899648    0.267167    0.483529    0.708635    -0.0208524    -0.264631
-0.505666    -0.0840387    0.269084    0.483517    0.708975    -0.0227544    -0.263351
-0.505921    -0.0772476    0.271285    0.483545    0.708483    -0.0193589    -0.265154
NEXT
-0.499525    -0.262399    0.211336    0.483353    0.70908    -0.0273589    -0.26315
-0.49948    -0.255153    0.213413    0.483361    0.708851    -0.0265535    -0.264057
-0.499323    -0.248976    0.21524    0.483356    0.707864    -0.0229011    -0.267896
-0.499152    -0.242605    0.217263    0.483309    0.707332    -0.0212663    -0.269942
-0.499032    -0.236101    0.219296    0.483318    0.708035    -0.0248013    -0.267303
-0.49898    -0.229496    0.22127    0.483229    0.708182    -0.0274446    -0.266829
-0.498936    -0.222866    0.223267    0.483186    0.707784    -0.0269739    -0.268419
-0.498886    -0.216223    0.225304    0.483223    0.707766    -0.0260604    -0.268453
-0.498853    -0.20954    0.22736    0.483337    0.708121    -0.0246987    -0.26695
-0.498835    -0.20282    0.229436    0.483455    0.708336    -0.022078    -0.265928
-0.498812    -0.1961    0.231556    0.483458    0.708089    -0.0206746    -0.266847
-0.498781    -0.18937    0.233702    0.483436    0.708093    -0.021495    -0.266883
-0.498744    -0.182598    0.235825    0.483518    0.708568    -0.0210295    -0.264916
-0.498713    -0.175784    0.237922    0.483625    0.709254    -0.0196742    -0.262008
-0.498706    -0.168933    0.239998    0.483692    0.709867    -0.0186687    -0.259391
-0.498704    -0.162084    0.242085    0.483709    0.70965    -0.0165524    -0.260135
-0.49869    -0.155277    0.244214    0.483671    0.70918    -0.0163443    -0.262065
-0.498668    -0.148502    0.246337    0.483615    0.708979    -0.0188826    -0.263086
-0.49864    -0.141752    0.248425    0.483495    0.708569    -0.0218445    -0.264964
-0.498618    -0.135013    0.250519    0.48342    0.708206    -0.022646    -0.266491
-0.49861    -0.128279    0.252632    0.483465    0.708371    -0.0219014    -0.265775
-0.498634    -0.121571    0.254722    0.483509    0.708739    -0.022087    -0.264282
-0.498698    -0.114902    0.256788    0.483505    0.708645    -0.0218266    -0.264651
-0.498811    -0.108331    0.258896    0.483484    0.708214    -0.0203647    -0.266316
-0.498987    -0.101882    0.261036    0.483493    0.708238    -0.0201487    -0.266208
-0.499275    -0.0956012    0.263132    0.483492    0.708442    -0.0213508    -0.265452
-0.499678    -0.0895604    0.265159    0.483458    0.708559    -0.0229764    -0.265071
-0.50019    -0.0839192    0.267068    0.483427    0.708727    -0.0245703    -0.264469
-0.500833    -0.0775322    0.269284    0.48336    0.707928    -0.0230982    -0.267645
NEXT
-0.494237    -0.261715    0.209499    0.483375    0.709116    -0.0269212    -0.262985
-0.493681    -0.254714    0.211326    0.483441    0.70894    -0.024858    -0.26361
-0.49332    -0.248547    0.213092    0.483475    0.708181    -0.0205067    -0.266463
-0.493074    -0.242159    0.215103    0.483479    0.707914    -0.0184114    -0.267402
-0.492944    -0.235629    0.217119    0.483505    0.708884    -0.0227708    -0.263728
-0.49292    -0.228999    0.219054    0.483402    0.709025    -0.0260738    -0.263323
-0.492893    -0.222347    0.221028    0.483328    0.708271    -0.0254923    -0.266379
-0.492836    -0.215689    0.22307    0.48329    0.707809    -0.0245871    -0.268207
-0.492766    -0.208994    0.225161    0.483337    0.707741    -0.0228723    -0.268389
-0.492685    -0.20226    0.227288    0.483436    0.708059    -0.0213297    -0.267008
-0.492598    -0.195504    0.229399    0.483435    0.708182    -0.0220491    -0.266555
-0.492493    -0.188726    0.231501    0.483365    0.707851    -0.022629    -0.26793
-0.492348    -0.181926    0.233629    0.483391    0.707766    -0.0211854    -0.268187
-0.492185    -0.1751    0.235766    0.48351    0.70833    -0.0199814    -0.265822
-0.492044    -0.168239    0.237882    0.48362    0.708997    -0.0186964    -0.262999
-0.491917    -0.161362    0.239977    0.483666    0.709355    -0.0179791    -0.261467
-0.491795    -0.15449    0.242051    0.483639    0.709335    -0.0194254    -0.261653
-0.491668    -0.147618    0.24408    0.483556    0.709294    -0.0225627    -0.262027
-0.491532    -0.140744    0.246056    0.483422    0.708931    -0.0253166    -0.263672
-0.491389    -0.133879    0.248077    0.483303    0.708004    -0.0250689    -0.26744
-0.491245    -0.127034    0.250177    0.48325    0.707641    -0.0248095    -0.268896
-0.491164    -0.120234    0.252265    0.483265    0.707957    -0.0258429    -0.267671
-0.491168    -0.113504    0.25433    0.483273    0.707936    -0.0255381    -0.267739
-0.491283    -0.106945    0.256436    0.483247    0.707492    -0.024193    -0.269467
NEXT
-0.484895    -0.248544    0.209988    0.483533    0.70821    -0.0179511    -0.266165
-0.484555    -0.242015    0.212053    0.483549    0.708147    -0.0158951    -0.266264
-0.484463    -0.235319    0.214123    0.483598    0.709576    -0.0218887    -0.26082
-0.484549    -0.228543    0.21606    0.483478    0.709929    -0.0261028    -0.259581
-0.484607    -0.221781    0.218024    0.483429    0.708959    -0.0252099    -0.263551
-0.484581    -0.21505    0.220059    0.483361    0.708069    -0.0237704    -0.267112
-0.484471    -0.208305    0.222179    0.483337    0.707441    -0.0209864    -0.269486
-0.484471    -0.208305    0.222179    0.483337    0.707441    -0.0209864    -0.269486
-0.484471    -0.208305    0.222179    0.483337    0.707441    -0.0209864    -0.269486
